1	103.47	104.17	104.46	103.17	2417431						
2	105.14	103.96	105.5	103.8	4082955						
3	104.24	105.53	105.53	104.05	3895261						
4	105.13	104.66	105.56	104.36	3836579						
5	104.15	103.91	104.39	103.34	3681212						
8	105.26	104.54	105.29	103.62	2500344						
9	105.12	105.38	105.47	104.78	2666763						
10	106.33	105.27	106.37	104.91	3108651						
11	106.73	106.38	106.98	106.02	3546969						
12	107.04	106.5	107.05	106.3	3082410						
15	104.52	106.84	107.43	104.27	5596275						
16	107.16	105.29	107.49	105.15	4431097						
17	105.17	106.42	106.69	104.3	4493491						
18	103.0	105.02	105.23	102.69	3965396						
19	105.28	103.46	105.46	103.09	4168360						
22	105.02	105.52	105.72	104.131	3108286						
23	106.68	105.42	106.71	105.3	4082959						
24	106.75	106.72	107.0	106.36	2443924						
25	107.47	107.02	108.04	106.82	3580020						
26	107.1	107.54	107.9	106.5	3869703						
29	106.61	107.19	107.4	106.41	2574265						
30	106.32	106.6	106.7	105.63	5047369						
31	106.12	105.97	107.09	105.97	3136075						
32	107.3	106.49	107.33	106.241	2568905						
33	108.64	108.26	109.2	108.23	4456941						
36	110.0	110.95	111.25	109.45	4929398						
37	109.9	110.49	110.5	109.46	3679313						
38	110.94	109.96	110.98	109.43	3815638						
39	110.66	110.85	111.34	110.35	3405160						
40	111.82	111.1	111.88	111.0	3786967						
43	111.74	111.83	112.34	111.41	2806866						
44	112.67	112.08	112.73	111.8	3892538						
45	112.77	112.57	112.98	112.15	3854955						
46	111.54	112.52	112.53	111.25	3622021						
47	113.02	111.95	113.1	111.76	4791464						
50	113.0	112.87	113.55	112.5792	3097756						
51	112.7	113.07	113.34	112.45	3614972						
52	111.85	112.82	113.45	111.11	5846208						
53	111.29	110.46	111.72	109.11	5564634						
54	110.83	110.5	110.83	109.92	3517021						
57	110.83	110.5	110.83	109.92	3517021						
58	112.28	112.17	112.5	111.76	5312686						
59	113.03	111.66	113.46	111.41	4558504						
60	114.84	113.37	115.0	113.31	5531840						
61	114.07	114.82	115.0	113.88	8636993						
64	114.07	114.76	114.76	113.03	4945704						
65	113.42	113.95	114.0	112.901	4339589						
66	111.51	112.9	113.16	111.05	5036908						
67	113.1	111.34	113.17	111.15	4550342						
68	115.31	113.89	115.55	113.53	4726435						
71	115.15	115.56	115.98	114.8	3126865						
72	113.51	114.41	114.43	113.26	4064842						
73	112.95	114.01	114.35	112.66	3941641						
74	114.99	112.89	115.14	112.27	4022135						
75	114.16	114.94	115.08	113.94	2978558						
78	114.92	114.75	115.57	113.83	3509774						
79	115.17	115.01	115.59	114.84	2993276						
80	113.84	115.14	115.66	113.81	3472017						
81	111.41	113.2	113.91	110.86	6303362						
82	112.38	112.63	113.13	111.25	7189389						
85	110.71	111.75	112.74	109.53	5193656						
86	112.07	111.81	112.31	110.88	4148010						
87	112.91	112.98	113.5	112.27	3763395						
88	113.0	113.63	113.7	112.95	3209307						
89	111.92	112.66	112.86	111.66	4457618						
92	113.04	112.51	113.77	112.51	3302312						
93	112.52	112.84	113.36	112.08	2749831						
94	112.63	112.03	112.71	111.58	1350450						
95	112.63	112.03	112.71	111.58	1350450						
96	114.96	113.34	115.0	113.21	3158518						
99	115.01	115.5	115.869	114.8	3482522						
100	115.8	115.62	115.95	115.11	3385835						
101	114.88	115.5	115.78	114.56	2608009						
102	116.98	115.99	117.37	115.43	4339983						
103	117.12	116.81	117.199	116.55	3285262						
106	117.21	117.34	117.47	116.86	2777481						
107	117.2	117.46	117.98	117.03	2654070						
108	117.63	117.83	118.13	117.44	3043059						
109	118.56	117.89	118.56	117.83	4141695						
110	118.9	118.68	119.08	118.11	3569613						
113	118.94	119.16	119.3	118.55	2786120						
114	118.21	119.07	119.08	118.1533	2846325						
115	116.46	118.26	118.71	116.24	3657346						
116	117.07	116.0	117.46	115.51	3243463						
117	117.34	116.57	117.35	115.61	3140080						
120	116.42	116.91	116.91	115.98	2447357						
121	115.79	116.9	117.26	115.56	3559651						
122	115.87	116.37	116.89	115.8	3812598						
123	117.28	116.98	117.5	116.52	3992488						
124	117.82	117.37	117.855	116.8501	3441008						
127	118.23	119.1	119.14	117.88	2859083						
128	117.91	118.23	118.45	117.26	2758779						
129	116.8	117.4	117.4	116.47	2768453						
130	117.64	117.4	117.86	116.6	2558325						
131	116.71	117.5	117.74	116.51	2196575						
134	117.13	116.24	117.33	116.1	2232869						
135	117.28	117.35	117.61	116.43	1906203						
136	116.57	117.04	117.33	116.46	1929615						
137	114.8	116.0	116.22	114.59	3626512						
138	115.24	114.53	115.69	114.3	3511674						
141	114.3	115.14	115.49	114.19	2258909						
142	115.01	114.21	115.35	114.15	2448394						
143	113.98	114.8	115.0	113.521	3111638						
144	114.75	114.18	115.33	113.97	3481545						
145	114.27	115.0	115.09	114.08	2952123						
148	113.85	114.34	114.95	113.84	3029115						
149	111.54	113.2	113.47	111.21	5034929						
150	112.2	111.16	112.83	111.11	3140948						
151	111.99	111.88	112.689	111.7	2655840						
152	111.22	112.25	112.48	110.72	3998945						
155	111.22	112.25	112.48	110.72	3998945						
156	112.08	112.32	112.95	111.35	3340029						
157	112.08	111.75	112.446	111.35	3919005						
158	112.27	112.0	112.65	111.86	3402632						
159	111.86	112.44	112.54	110.72	2845296						
162	112.67	112.13	112.67	111.455	3029025						
163	113.59	113.31	113.8	112.819	3587931						
164	114.28	113.56	114.28	113.42	3537379						
165	113.38	114.25	114.25	113.09	2968364						
166	113.54	113.29	113.709	112.94	2010513						
169	114.84	114.37	115.1	114.22	3169394						
170	115.39	115.16	115.92	115.02	4196184						
171	116.7	115.39	117.07	114.95	4911669						
172	117.17	117.1	117.77	116.62	5064101						
173	117.9	117.77	117.97	116.85	8987134						
176	115.64	117.06	117.1	115.21	4477316						
177	115.05	115.77	115.877	114.85	3256763						
178	115.51	115.0	116.0	114.863	4326051						
179	115.79	115.42	116.37	115.0134	2362416						
180	114.85	115.3	115.41	114.51	2777158						
183	113.51	113.74	114.1123	113.02	3908314						
184	114.14	113.74	114.43	113.343	3147173						
185	114.41	113.55	114.41	113.16	4436301						
186	113.37	114.05	114.05	112.82	4110617						
187	113.75	113.41	114.34	113.3001	3503328						
190	112.86	112.99	113.68	112.4	3652661						
191	111.37	112.86	113.118	111.25	4415102						
192	111.77	111.66	112.21	110.84	3773482						
193	114.84	113.14	114.92	113.06	4148766						
194	115.81	114.85	115.83	114.2	3551858						
197	116.0	114.99	116.08	114.485	3668353						
198	114.63	115.85	115.85	114.49	2874389						
199	116.69	115.2	116.79	114.97	3748565						
200	116.92	116.65	117.25	116.04	3704241						
201	116.97	117.47	117.5	116.78	3153376						
204	116.89	116.95	117.0	116.43	2175494						
205	117.49	117.19	117.61	117.0	3716794						
206	116.41	117.1	117.5	116.3	2758779						
207	116.84	116.95	117.31	116.61	2597557						
208	117.03	116.78	117.1	116.52	2942004						
211	116.94	117.18	117.21	116.67	2729654						
212	117.41	116.91	117.44	116.7599	2585254						
213	116.34	117.56	117.7	116.31	2944037						
214	115.09	116.32	116.41	115.05	4379017						
215	115.27	115.28	116.0697	114.94	3708067						
218	114.87	115.78	115.82	114.5	3522341						
219	114.36	114.47	115.1	114.3	2297575						
220	114.91	114.69	115.11	114.6	3535989						
221	113.83	115.12	115.46	113.79	3553937						
222	115.88	113.5	115.92	113.5	4497438						
225	115.65	115.5	116.0	115.261	1947042						
226	114.21	115.31	115.46	114.0	3084353						
227	114.81	113.76	114.89	113.76	3910698						
228	115.69	114.86	115.69	114.71	2854661						
229	116.3	115.34	116.34	115.24	3682398						
232	115.9	116.56	116.56	115.69	2633203						
233	115.84	115.9	116.22	115.46	2611327						
234	114.9	115.92	115.92	114.54	2832961						
235	116.42	115.32	116.51	114.71	3202339						
236	116.96	116.52	117.329	116.42	3181118						
239	115.63	117.18	117.28	115.38	4218248						
240	116.58	115.8	116.84	115.76	4320061						
241	116.58	116.6	116.95	115.96	2682223						
242	116.58	116.6	116.95	115.96	2682223						
243	116.53	116.73	116.97	116.09	2098680						
246	115.33	116.5	116.59	115.11	4021239						
247	114.79	114.59	115.01	114.04	3914063						
248	115.3	114.35	115.58	114.0	3675680						
249	114.96	115.01	115.56	114.87	2874618						
250	116.66	115.97	116.7	115.76	3261098						
253	117.14	116.88	117.46	116.77	3370199						
254	115.61	117.03	117.15	115.6	2974584						
255	114.51	115.6	115.8	114.28	3754325						
256	114.38	114.49	115.06	114.04	3120349						
257	114.06	114.38	115.03	113.99	2983044						
260	113.96	114.4	114.71	113.67	4792803						
261	113.63	114.15	114.18	113.58	3699604						
262	116.14	113.93	116.27	113.5	5429289						
263	116.36	115.84	116.61	115.66	3478755						
264	115.6	116.24	116.7	115.6	7377271						
267	117.04	116.4	117.17	116.22	3507120						
268	117.43	117.27	117.43	117.0	1077733						
269	117.43	117.27	117.43	117.0	1077733						
270	117.99	117.43	117.99	117.0301	2036325						
271	118.0	117.99	118.21	117.72	1898754						
274	118.04	118.33	118.56	117.753	1942571						
275	118.56	118.05	118.66	117.81	2420636						
276	118.56	118.05	118.66	117.81	2420636						
277	117.5	118.34	118.5	117.36	3087099						
278	117.57	117.5	118.0	117.38	2694472						
281	116.28	118.2	118.2	116.26	3427191						
282	116.19	116.61	116.95	115.96	4062259						
283	115.34	116.0	116.37	115.25	3822741						
284	115.32	115.77	115.93	115.03	3339833						
285	114.97	116.02	116.02	114.4317	3344964						
288	114.01	115.08	115.28	113.76	4742598						
289	114.96	114.15	114.96	113.6	3766418						
290	115.85	115.23	115.85	114.7	4514200						
291	115.24	115.94	116.07	114.91	2702175						
292	115.07	115.47	115.58	114.75	4173544						
295	115.07	115.47	115.58	114.75	4173544						
296	115.15	115.32	115.49	114.26	4248592						
297	115.26	115.42	115.91	115.06	2824167						
298	113.5	114.82	114.87	113.33	5138239						
299	111.81	113.06	113.2	111.76	7228415						
302	111.5	111.92	112.28	111.13	5173186						
303	112.01	111.95	112.69	111.85	4175780						
304	111.28	111.41	112.04	111.12	3914079						
305	113.0	111.85	113.33	111.3798	3788400						
306	111.6	111.81	112.371	110.85	5865768						
309	108.99	112.11	112.11	108.84	7073144						
310	109.13	109.42	109.59	108.6	5589707						
311	108.78	108.94	109.31	108.12	4206054						
312	110.16	109.43	110.28	108.94	3909266						
313	112.61	110.61	112.7	110.61	5627904						
316	112.61	112.62	113.0	111.73	3118044						
317	113.61	112.83	113.79	112.14	4191021						
318	113.3	113.68	114.16	113.13	2909398						
319	114.7	112.86	114.77	112.58	3739507						
320	114.95	114.5	115.04	114.22	3129913						
323	114.95	114.5	115.04	114.22	3129913						
324	114.73	115.16	115.22	114.36	2574879						
325	113.36	114.72	114.85	113.255	3685229						
326	113.1	113.33	113.49	112.3	4110289						
327	113.18	113.44	113.99	112.97	3350951						
330	113.2	113.25	114.0	113.12	3530581						
331	113.94	113.14	114.16	112.57	3260124						
332	113.7	113.86	114.1798	113.2	3104000						
333	114.58	113.25	114.58	113.08	3207276						
334	115.78	114.8	116.0	114.21	4607970						
337	116.06	116.15	116.75	114.88	4558004						
338	118.57	117.13	118.59	117.0	4833998						
339	118.98	118.38	119.08	118.14	3458778						
340	121.2	119.17	121.44	119.11	5338465						
341	122.67	121.84	122.92	121.4	4385304						
344	124.1	122.58	124.32	122.35	4305304						
345	124.69	124.44	125.0	123.89	5617277						
346	125.17	123.92	125.21	123.89	3912432						
347	123.61	125.61	125.91	123.45	4714462						
348	122.51	123.74	124.28	122.24	4684903						
351	123.36	123.44	123.949	122.88	3364378						
352	123.28	123.4	123.56	122.52	3939972						
353	122.62	123.48	123.69	121.84	3210645						
354	124.44	122.56	124.53	122.38	3819283						
355	125.2	125.05	125.89	124.42	8904122						
358	124.32	125.51	125.89	123.98	3961662						
359	124.47	125.06	125.09	123.85	2939322						
360	123.01	125.0	125.0499	123.01	3149659						
361	123.47	123.29	123.85	122.63	3983325						
362	123.53	123.83	124.37	123.03	3430335						
365	124.97	124.25	124.97	124.02	3711872						
366	124.88	125.07	125.34	124.36	2967793						
367	124.47	124.82	124.93	124.18	3299873						
368	124.31	124.49	124.71	123.89	2272252						
369	123.9	124.61	125.36	123.86	3266287						
372	123.12	123.99	124.1599	123.06	4183052						
373	123.13	123.17	123.74	122.52	4414256						
374	124.01	123.27	124.12	123.17	4078206						
375	122.27	123.67	124.69	122.26	4103710						
376	121.7	122.61	122.61	121.45	3801202						
379	122.29	122.3	122.8	121.0946	3396065						
380	123.77	122.75	123.959	122.1	4214618						
381	126.0	124.39	126.02	124.25	4111186						
382	127.18	125.97	127.7	125.55	4411979						
383	127.18	125.97	127.7	125.55	4411979						
386	126.5	127.67	127.73	126.25	2636524						
387	127.15	126.42	127.427	125.06	4382633						
388	127.2	127.49	127.96	126.61	2569335						
389	126.95	127.8	127.9	126.61	2848464						
390	127.26	126.76	127.57	126.57	2765783						
393	127.7	128.01	128.31	126.16	3530155						
394	128.49	127.87	128.74	127.81	3053225						
395	128.85	128.63	129.2	128.31	4079559						
396	129.06	128.81	129.25	128.15	2657306						
397	128.09	129.45	129.73	127.82	4278342						
400	126.61	127.19	127.19	126.08	3486743						
401	124.67	126.13	126.29	124.06	5381173						
402	127.45	125.4	127.53	125.32	3301881						
403	126.67	127.23	127.49	126.33	2773842						
404	127.34	126.25	127.37	125.85	2935574						
407	127.29	127.87	128.2399	126.89	3407371						
408	127.89	127.69	127.92	127.06	2127659						
409	127.53	127.8	128.0	127.51	2686261						
410	126.36	127.3	127.44	126.0	3207241						
411	126.86	126.41	126.92	125.66	2897769						
414	127.13	126.77	127.21	126.11	2242376						
415	126.06	126.92	126.94	125.7	2292250						
416	126.66	126.5	126.94	126.221	1917012						
417	126.98	126.95	127.15	126.53	1546719						
418	126.8	127.22	127.32	126.31	1807664						
421	126.8	127.22	127.32	126.31	1807664						
422	127.52	127.41	127.75	127.25	2251906						
423	127.46	127.43	127.94	127.26	2211367						
424	128.11	127.42	128.2	127.1	2029015						
425	128.34	127.67	128.5	127.62	2916036						
428	127.88	128.28	128.75	127.37	2007544						
429	126.93	127.29	127.68	126.61	2445474						
430	127.23	127.0	127.61	126.79	1760045						
431	128.2	127.56	128.22	127.109	2164988						
432	128.65	128.2	128.65	128.08	2241585						
435	127.99	128.33	128.615	127.57	2385200						
436	128.25	127.6	128.3	127.58	2174212						
437	128.22	127.86	128.48	127.86	2422308						
438	127.28	128.46	128.59	126.93	2408696						
439	126.54	127.27	127.51	125.5	3397900						
442	126.15	125.95	126.34	125.71	2545865						
443	126.03	126.05	126.35	125.6	2583756						
444	127.17	125.94	127.35	125.44	2925573						
445	127.25	127.56	127.57	126.56	2954193						
446	126.74	127.43	128.1	126.5	6161296						
449	126.67	126.8	126.98	126.3	2768772						
450	126.78	126.35	127.37	126.35	2862528						
451	127.13	126.88	127.35	126.49	2531649						
452	127.1	127.2	127.28	126.06	2148309						
453	127.32	126.83	127.49	126.63	3126125						
456	126.56	127.11	127.13	126.38	2733408						
457	127.24	126.72	127.64	126.66	2885331						
458	127.73	127.08	127.73	126.83	2599776						
459	129.3	127.91	129.39	127.81	2511404						
460	129.3	127.91	129.39	127.81	2511404						
463	128.7	129.15	129.15	128.17	2875625						
464	128.22	128.24	129.09	128.17	3052377						
465	128.75	128.49	128.87	128.31	1923920						
466	128.45	128.0	128.72	127.61	2789105						
467	128.63	128.3	128.72	127.93	1819807						
470	128.98	129.0	129.28	128.68	1541707						
471	128.49	128.68	129.17	128.0	2931210						
472	128.11	128.66	128.75	127.88	2297643						
473	126.52	127.92	128.12	126.4	2835365						
474	128.28	126.91	128.45	126.88	3563620						
477	128.58	127.92	128.75	127.62	1787225						
478	128.42	129.0	129.0	128.23	1786191						
479	128.13	128.24	128.58	128.05	1527742						
480	128.35	128.39	128.68	128.06	2241288						
481	127.55	128.02	128.17	127.4	1807751						
484	128.37	127.55	128.45	126.63	1967051						
485	127.36	128.26	128.66	127.36	2346656						
486	127.74	127.51	128.42	126.83	2066491						
487	125.43	127.24	127.7601	125.37	3632120						
488	125.83	125.0	126.95	122.72	3949404						
491	129.72	128.06	130.03	127.08	4877059						
492	127.99	129.7	129.75	127.36	3370579						
493	129.11	127.97	129.57	127.51	2719339						
494	128.95	129.69	129.88	128.52	3443458						
495	130.9	128.8	130.95	128.62	3762113						
498	131.95	131.41	132.8	130.94	2782801						
499	133.06	132.24	133.19	131.66	2743815						
500	133.08	133.34	133.43	132.46	2851340						
501	135.3	133.23	135.38	133.14	4483357						
502	134.34	135.79	135.8	133.13	3942087						
505	135.03	135.47	135.47	134.68	2960616						
506	134.9	135.85	135.85	134.52	2284256						
507	134.91	135.0	135.1	134.45	2331459						
508	136.81	135.24	136.82	135.04	3329597						
509	135.75	136.41	136.6	135.56	2417240						
512	136.23	136.43	136.75	136.07	2305939						
513	136.25	136.69	136.75	136.12	2145920						
514	136.52	136.61	136.69	136.01	1893446						
515	136.11	136.28	136.51	135.88	2114181						
516	137.25	136.18	137.25	136.01	2898056						
519	137.25	136.18	137.25	136.01	2898056						
520	137.96	138.03	138.27	137.06	3319495						
521	137.73	138.5	138.5	137.34	2789650						
522	137.95	137.97	138.55	137.42	2563388						
523	138.07	137.71	138.35	137.34	3475893						
526	138.28	138.17	138.9	138.05	2536264						
527	136.89	138.34	138.42	136.68	2959667						
528	137.72	137.27	137.95	137.16	2037929						
529	137.92	137.17	137.97	137.0	2016908						
530	137.09	137.92	138.18	136.76	3291339						
533	138.04	137.73	138.13	137.01	2859710						
534	138.69	138.0	138.9899	137.61	2672820						
535	139.61	139.14	140.18	138.71	3833334						
536	141.28	140.25	141.57	139.75	3870262						
537	140.56	142.15	142.45	140.3	9414430						
540	139.26	140.56	140.73	139.19	3422580						
541	138.78	139.18	139.71	138.75	2769229						
542	139.95	138.78	140.07	138.68	2801558						
543	137.09	139.89	139.95	136.8904	4585081						
544	138.68	137.0	138.97	137.0	2872083						
547	138.33	137.76	138.6959	137.56	2202111						
548	138.14	138.48	138.735	137.69	3469403						
549	136.62	138.37	138.38	136.19	3697434						
550	137.64	136.61	138.14	136.61	4596315						
551	139.5	138.41	139.66	138.16	3940663						
554	139.16	140.25	140.46	138.63	3464447						
555	136.72	138.66	138.84	136.71	3286746						
556	139.94	136.75	140.2	136.6	4842328						
557	137.09	140.29	140.29	137.07	6593109						
558	136.76	136.9	139.45	136.73	4839713						
561	136.38	136.6	138.069	136.31	4384100						
562	137.39	137.0	138.895	136.5005	5019767						
563	135.64	136.59	136.78	132.03	8595226						
564	134.7	133.03	135.65	132.1	5038777						
565	137.09	136.06	137.67	135.52	5183738						
568	137.23	137.07	137.48	136.41	3246765						
569	138.97	138.07	138.98	137.35	4183522						
570	137.65	139.34	139.479	137.6	4023415						
571	138.68	139.2	139.53	138.39	3908009						
572	139.4	138.65	139.52	138.37	2924572						
575	139.53	139.19	139.65	138.9401	2812272						
576	140.46	140.0	140.46	139.5	3885995						
577	139.99	140.53	140.68	138.95	3483961						
578	139.54	139.41	139.92	138.755	3513824						
579	140.16	140.9	141.52	139.36	5712653						
582	140.81	140.88	140.91	139.55	3048789						
583	142.18	141.06	142.24	140.88	3508060						
584	142.92	143.21	143.48	141.8502	2874236						
585	143.29	143.25	143.46	142.23	2717146						
586	143.61	143.76	143.99	142.87	3235432						
589	145.05	143.95	145.07	143.81	3612165						
590	144.95	145.46	145.693	144.751	2905396						
591	145.52	144.92	145.75	144.7	3015437						
592	146.29	145.7	146.29	145.531	3056467						
593	145.52	146.35	146.48	145.06	2704255						
596	145.37	145.53	145.68	144.7	2426622						
597	145.81	145.74	146.4	145.29	2636880						
598	145.65	145.86	146.08	145.03	2371431						
599	145.72	145.14	145.75	145.04	2049863						
600	146.7	147.01	147.15	146.21	3418748						
603	147.27	147.11	147.42	146.7	3752116						
604	147.81	147.5	148.01	147.38	3749548						
605	148.19	148.11	148.31	147.9292	2116292						
606	148.19	148.11	148.31	147.9292	2116292						
607	148.69	148.55	149.49	148.37	2281990						
610	148.52	148.61	149.94	148.18	3320313						
611	149.87	149.28	150.0	148.66	3181393						
612	149.73	150.15	150.489	149.51	3006031						
613	150.05	149.96	150.15	149.23	2419683						
614	150.68	150.38	150.68	150.1	2780347						
617	151.94	150.88	152.94	150.65	5266687						
618	150.46	151.45	151.45	148.91	4570414						
619	149.08	150.36	151.26	148.82	6574379						
620	150.13	149.79	151.27	149.5	3627549						
621	146.46	149.31	149.89	146.3	5208802						
624	146.12	147.97	148.42	144.75	4732016						
625	145.28	145.37	148.73	145.0	5020574						
626	148.45	145.76	148.63	145.53	4847774						
627	152.67	151.16	152.74	150.15	7867094						
628	151.56	152.33	152.66	150.83	9392867						
631	151.9	151.98	152.55	151.09	5938485						
632	151.75	152.19	152.7	151.68	3479095						
633	151.54	152.43	152.44	151.52	1612217						
634	151.54	152.43	152.44	151.52	1612217						
635	151.35	151.66	152.13	151.25	1934785						
638	152.05	151.02	152.26	151.02	3223357						
639	152.09	151.35	152.22	151.19	2108873						
640	150.15	152.2	152.67	150.15	3324807						
641	150.15	152.2	152.67	150.15	3324807						
642	149.17	151.5	151.6	148.5	3440500						
645	147.0	148.81	149.0	146.78	4169618						
646	146.84	147.64	148.53	146.111	4118273						
647	148.88	147.94	149.1399	147.65	4159052						
648	151.37	150.6	151.37	150.51	4282487						
649	149.47	151.65	151.69	149.26	3360174						
652	148.28	149.96	150.12	147.95	5919374						
653	148.63	149.95	150.99	147.77	3908100						
654	147.82	147.27	148.37	146.42	4802750						
655	147.58	148.53	148.53	146.8	2896715						
656	149.21	147.2	149.26	146.561	4313755						
659	149.21	147.2	149.26	146.561	4313755						
660	148.63	150.28	150.6	148.08	4053972						
661	147.18	148.34	148.43	146.59	4660706						
662	150.15	148.01	150.21	147.26	5892020						
663	149.12	149.99	149.999	149.09	3175784						
666	149.7	149.19	149.73	148.16	2461370						
667	147.65	148.25	148.8	147.55	3220301						
668	144.78	148.36	148.77	144.77	6388812						
669	146.29	145.4	146.94	144.25	4461237						
670	143.91	145.57	146.2	143.89	6242253						
673	146.73	144.13	146.75	143.301	5119483						
674	148.29	147.7453	148.48	146.86	4981656						
675	147.53	148.26	148.5	147.1	3574160						
676	149.67	147.89	149.88	147.75	3085304						
677	150.18	149.8	151.63	149.55	4050554						
680	149.13	149.91	149.97	148.72	2429680						
681	149.92	149.66	150.51	148.9	2975487						
682	149.68	149.84	150.27	148.8	2732165						
683	149.79	150.0	150.41	149.36	3608640						
684	148.34	149.6	149.6	148.01	3669443						
687	148.34	149.6	149.6	148.01	3669443						
688	149.17	148.36	149.37	148.16	2738314						
689	148.67	148.78	149.13	148.221	2220726						
690	147.48	148.21	148.35	147.086	2757825						
691	148.72	147.27	148.72	146.581	4877584						
694	147.37	148.2	148.45	146.82	3775545						
695	148.95	147.5	149.36	147.25	2914860						
696	148.78	149.39	149.39	148.465	2672135						
697	148.34	148.55	148.97	147.901	2549796						
698	147.41	148.22	148.32	147.05	3377367						
701	147.08	147.71	147.98	145.89	4896732						
702	145.93	146.79	146.94	145.06	3970710						
703	144.92	145.2	145.51	144.07	3250301						
704	146.06	145.41	146.25	144.83	2711676						
705	145.28	146.14	147.48	145.1	4099442						
708	146.13	145.5	146.5328	145.25	2608843						
709	143.19	145.42	145.44	143.18	5258244						
710	143.44	143.48	144.24	143.24	2894299						
711	145.67	144.34	145.73	144.01	3539625						
712	143.97	145.28	145.5	143.27	3321688						
715	145.98	144.92	146.065	144.78	3858587						
716	144.75	145.09	145.47	143.94	2580034						
717	146.0	144.56	146.55	143.94	3490582						
718	144.88	145.64	146.0	144.45	2633773						
719	145.53	145.23	145.82	144.89	5858678						
722	145.56	145.48	146.29	145.02	3046876						
723	144.29	145.26	145.46	144.24	2764549						
724	143.56	144.68	144.93	143.56	3993383						
725	143.03	142.7	143.7099	142.5	3550801						
726	143.89	143.48	143.9059	142.9	3480701						
729	145.98	144.47	146.12	144.15	3348885						
730	144.32	145.76	145.77	144.26	3600187						
731	143.45	144.34	144.63	143.39	3695926						
732	143.56	143.59	143.9	143.15	2336262						
733	143.56	143.59	143.9	143.15	2336262						
736	143.76	143.0	144.45	142.57	2447414						
737	143.06	143.56	144.02	143.0	2760940						
738	143.28	143.1	143.78	142.82	4775656						
739	143.65	143.02	143.7	142.78	2820973						
740	143.5	143.42	143.75	143.02	2354132						
743	143.46	143.28	143.95	143.0	2149491						
744	142.75	143.65	143.77	142.1212	2929734						
745	142.71	142.73	143.48	142.58	2620707						
746	142.1	142.5	142.8	141.7	2693075						
747	140.7	141.2	141.5397	140.33	4613740						
750	142.09	141.69	142.41	141.5124	2669747						
751	141.14	142.4	142.47	141.12	3008180						
752	141.99	141.41	142.22	141.09	2629443						
753	142.43	141.95	143.02	141.63	2631422						
754	142.09	142.0	142.55	141.75	2255676						
757	141.09	142.28	142.36	140.87	3210586						
758	142.52	140.81	142.63	140.59	2564715						
759	142.41	141.63	142.76	141.57	3126973						
760	141.21	141.78	142.57	140.93	3554648						
761	143.36	142.0	143.36	141.79	2797857						
764	146.15	144.95	146.33	144.0	4229441						
765	144.56	145.91	146.42	144.51	2993479						
766	143.78	145.0	145.44	142.94	3320517						
767	145.31	143.41	145.52	143.36	3314764						
768	148.31	146.56	148.42	146.4	5277924						
771	146.17	148.5	148.57	146.0	3815699						
772	144.79	145.35	145.39	144.03	2823185						
773	144.26	144.16	144.73	144.02	2622401						
774	145.78	145.22	145.83	144.52	2326437						
775	145.26	145.93	146.09	144.65	2424048						
778	145.83	145.39	145.9	145.04	2267248						
779	146.54	145.83	147.0	145.26	2636789						
780	145.94	146.41	146.44	145.64	2240136						
781	145.27	145.6	145.93	145.16	2293954						
782	144.6	145.1	145.27	144.53	2188535						
785	144.6	145.1	145.27	144.53	2188535						
786	143.63	144.44	144.905	143.56	3299412						
787	144.75	143.71	145.15	143.58	2275433						
788	144.74	144.93	145.1	144.01	2299957						
789	143.0	144.87	144.99	143.0	3641065						
792	143.35	143.26	144.07	143.0601	2579409						
793	143.03	143.2	143.35	142.28	2738235						
794	143.19	143.43	143.73	142.5599	2288341						
795	141.37	142.57	142.9	141.23	3369060						
796	140.76	141.51	141.8099	140.52	3343896						
799	139.52	140.43	140.7	139.52	2998646						
800	139.63	139.21	140.39	139.14	2612820						
801	140.86	140.0	141.5	139.68	3157573						
802	141.36	141.43	141.61	140.6	2435970						
803	140.29	141.12	141.15	139.78	2768443						
806	139.4	139.72	139.96	138.78	2859510						
807	139.71	139.47	139.73	138.92	2370509						
808	139.97	139.85	140.56	139.16	2280208						
809	142.67	140.25	142.81	140.2	4583741						
810	140.96	142.18	142.96	140.96	6043971						
813	141.53	142.0	142.5399	141.11	2339329						
814	141.33	141.62	142.15	140.95	1975118						
815	140.09	140.75	141.41	140.09	2709366						
816	139.45	140.06	140.65	139.45	2616711						
817	139.78	139.92	140.16	139.12	4480161						
820	136.51	139.0	139.24	136.42	6703748						
821	136.11	137.52	137.8	136.08	5160291						
822	137.52	137.7	138.3	136.74	3244916						
823	137.39	137.9	138.16	137.06	2823740						
824	137.39	137.9	138.16	137.06	2823740						
827	136.89	136.13	137.42	136.04	2962105						
828	138.44	137.3	138.65	136.04	4642336						
829	136.9	137.55	137.96	136.75	3642257						
830	138.25	138.01	138.84	137.94	3574909						
831	139.73	139.51	140.3	138.96	3774851						
834	141.39	140.8	141.49	140.45	3139820						
835	141.12	141.14	141.64	140.92	2415190						
836	142.61	141.37	142.64	141.2	2995329						
837	143.92	143.15	143.92	143.0	3179564						
838	143.88	143.72	144.0	143.44	2983674						
841	144.51	143.96	144.69	143.71	2467515						
842	143.6	144.23	144.6	143.08	3116470						
843	143.52	143.55	144.0	143.06	2577965						
844	142.18	143.27	143.41	142.06	2322669						
845	141.25	142.0	142.36	141.1945	2363275						
848	140.72	141.14	141.37	140.42	2903597						
849	143.22	141.59	143.585	141.13	3252740						
850	142.92	143.25	143.69	142.61	2555807						
851	142.85	142.81	143.06	142.11	2018264						
852	142.74	143.31	143.75	142.6001	3074069						
855	142.33	143.11	143.32	140.92	2541624						
856	142.68	142.22	143.06	142.0124	2618029						
857	143.5	143.32	143.99	143.22	2615756						
858	143.35	143.5	143.84	143.0	2418155						
859	143.55	142.86	143.7	142.3	2418974						
862	143.42	141.37	143.58	141.31	4278283						
863	142.8	141.83	143.07	141.61	3924395						
864	141.6	141.91	142.15	140.46	4953768						
865	141.95	141.31	142.61	140.99	3045184						
866	142.57	142.05	142.75	141.99	2911177						
869	142.32	142.0	142.46	141.305	2788078						
870	141.36	142.29	142.3	141.02	3334056						
871	140.47	141.0	141.71	139.75	3478264						
872	138.39	139.2	140.0	138.35	4050766						
873	134.22	137.23	138.0	134.16	9122415						
876	129.57	127.55	133.97	125.5	13820799						
877	127.74	134.48	134.55	127.46	8233098						
878	132.61	130.89	132.88	128.69	7709310						
879	136.23	134.4	136.31	133.22	5923000						
880	135.74	135.53	135.9999	134.73	3897823						
883	134.04	135.09	135.5	133.42	5575496						
884	130.41	131.79	132.27	129.83	5957940						
885	132.22	131.41	132.22	130.76	4080266						
886	132.15	132.71	133.62	131.69	3984370						
887	129.64	130.82	131.08	128.91	5828641						
890	129.64	130.82	131.08	128.91	5828641						
891	132.9	132.02	133.07	131.17	5729269						
892	130.59	134.5	134.66	130.3	4482578						
893	130.66	130.23	131.79	130.2	4482363						
894	131.37	130.88	131.55	130.25	4181763						
897	130.9	131.15	131.69	130.54	4269957						
898	132.26	131.0	132.65	130.76	3189598						
899	132.58	132.26	132.85	132.02	3041460						
900	131.47	132.29	133.6	131.27	4414528						
901	129.1	130.07	130.96	128.94	14622750						
904	130.98	130.0	131.31	129.72	4804892						
905	129.3	129.56	129.69	128.36	4230773						
906	129.16	129.31	129.49	128.31	2947768						
907	128.83	128.25	129.22	127.75	3705638						
908	129.64	130.03	130.58	129.0	3487152						
911	128.62	128.59	129.255	128.4	4412445						
912	128.81	128.44	128.96	127.67	4071510						
913	130.4	129.86	130.4	128.67	4726931						
914	129.88	130.55	131.4	129.28	3962799						
915	129.83	128.5	129.94	127.46	5183766						
918	132.38	130.5	132.439	130.38	3885432						
919	131.19	132.29	132.41	130.94	4804757						
920	132.68	132.05	133.32	131.76	3435176						
921	133.75	132.28	134.0	132.24	2734322						
922	133.03	133.72	134.38	132.18	3202062						
925	133.4	133.4	134.05	132.86	1973554						
926	132.19	133.0	133.27	131.91	2802384						
927	131.18	132.0	132.45	131.05	3125144						
928	133.8	131.98	133.83	131.55	3273267						
929	133.81	134.73	135.0	132.96	3061783						
932	133.62	133.5	133.89	133.11	2159188						
933	134.16	133.27	134.4	133.1	2118034						
934	133.22	134.71	135.41	133.11	2398064						
935	137.29	133.6	137.7	133.6	4899194						
936	137.78	138.0	138.0	136.76	3172857						
939	137.0	137.86	137.94	136.64	2173280						
940	135.63	136.4	136.67	135.07	2278334						
941	138.16	135.8	138.41	135.4837	3244773						
942	137.89	138.1	138.5	137.23	2089095						
943	136.02	137.56	137.87	136.02	4228212						
946	138.4	136.77	138.62	136.33	3259649						
947	137.94	138.3	138.4799	137.71	2618357						
948	137.43	138.0	138.08	137.06	2606334						
949	136.57	137.48	138.03	136.32	2461529						
950	136.33	136.44	137.19	135.1401	3732175						
953	134.0	136.0	136.19	133.4	4884555						
954	134.73	134.0	134.73	133.64	2932543						
955	134.96	134.94	135.2	134.12	2063737						
956	132.78	134.46	134.63	132.77	3789761						
957	131.96	132.61	133.565	131.74	3589373						
960	133.3	131.82	133.31	131.47	2965584						
961	133.09	133.85	133.93	132.68	2882765						
962	136.22	133.47	136.38	133.27	3772954						
963	136.63	136.19	136.87	135.83	2755686						
964	136.63	137.34	137.42	135.96	2921332						
967	135.99	136.29	136.78	135.84	2469522						
968	135.54	135.09	135.88	134.115	2759526						
969	135.13	135.48	136.0	134.84	2137439						
970	135.13	135.48	136.0	134.84	2137439						
971	134.63	135.3	135.58	134.45	1243111						
974	134.09	134.82	135.09	133.82	5087836						
975	136.43	134.86	136.57	134.36	3797848						
976	135.27	136.5	136.74	135.1	3710782						
977	132.66	135.33	135.54	132.29	4378285						
978	136.48	133.09	136.52	133.0	5520158						
981	135.6	136.2	136.45	134.68	2794921						
982	133.36	134.9	134.99	133.17	4055632						
983	131.71	133.18	134.15	131.2	4062855						
984	131.71	131.72	132.62	131.19	3463760						
985	130.31	130.31	130.91	129.56	5483085						
988	132.02	130.5	132.23	130.11	4418730						
989	134.88	133.25	135.64	132.76	4703296						
990	135.88	135.49	136.1225	133.1	4930312						
991	133.97	135.71	136.16	133.9	3595941						
992	129.53	133.04	133.17	129.53	8791475						
995	131.19	131.16	131.69	129.65	4308430						
996	133.14	131.55	133.33	131.04	3714466						
997	134.15	133.35	134.43	133.2	3483223						
998	133.89	134.12	134.55	133.48	1367520						
999	133.89	134.12	134.55	133.48	1367520						
1002	133.12	133.48	133.54	132.52	2382886						
1003	134.14	134.0	134.55	133.0	3135400						
1004	133.26	133.92	134.12	133.06	2684297						
1005	132.04	133.0	133.37	131.95	3405609						
1006	132.04	133.0	133.37	131.95	3405609						
1009	130.75	130.16	131.03	128.76	6869128						
1010	131.25	130.75	131.53	129.81	4084620						
1011	131.33	129.99	131.76	129.725	5219360						
1012	129.48	129.25	130.54	129.0	7381981						
1013	128.33	130.11	130.4	128.205	6101598						
1016	128.36	128.92	129.23	127.04	4353493						
1017	128.8	129.11	129.43	127.52	4723422						
1018	126.25	128.97	129.3801	125.71	6042403						
1019	128.07	126.41	128.99	126.01	6125261						
1020	126.14	125.34	126.81	124.51	8145060						
1023	126.14	125.34	126.81	124.51	8145060						
1024	127.76	126.86	128.27	126.77	5831715						
1025	124.83	125.6	126.12	124.04	8024164						
1026	125.62	125.52	126.75	124.37	3806111						
1027	127.04	127.5	127.93	125.92	3765712						
1030	124.13	126.55	126.9	123.9	5251513						
1031	125.89	124.57	126.52	124.57	3694925						
1032	125.19	125.26	127.22	124.61	3942599						
1033	126.01	126.0	126.72	124.37	3513266						
1034	129.77	126.66	129.77	126.11	6523798						
1037	128.66	128.94	129.64	127.54	4443272						
1038	125.7	127.52	127.83	125.51	4336725						
1039	126.24	126.34	126.629	123.55	6607536						
1040	127.44	126.09	127.7	125.75	4596293						
1041	126.56	127.28	127.39	125.75	4732618						
1044	126.78	125.7	127.84	124.93	6197716						
1045	127.72	125.15	128.08	125.15	5246330						
1046	126.58	128.44	129.18	126.29	4731058						
1047	125.09	124.11	125.84	124.04	6061326						
1048	128.07	126.76	128.21	126.05	5167586						
1051	128.07	126.76	128.21	126.05	5167586						
1052	128.56	129.44	129.6	128.07	5912540						
1053	130.26	129.17	130.44	128.91	4512056						
1054	130.86	130.6	132.35	130.59	3866287						
1055	131.05	130.35	131.6	130.01	4094159						
1058	131.99	132.19	132.87	131.33	3720362						
1059	130.74	131.12	131.91	130.65	3091452						
1060	131.03	129.9	131.5	128.88	3635832						
1061	132.31	131.62	132.37	130.42	3504235						
1062	131.92	132.82	133.29	131.77	3851367						
1065	134.17	133.36	135.11	132.94	7730109						
1066	136.94	135.11	136.94	134.32	6068595						
1067	136.73	136.95	137.15	135.81	3777782						
1068	136.84	136.8	137.24	136.13	3936542						
1069	137.97	136.99	138.06	136.52	4228610						
1072	138.72	137.7	138.79	137.43	4571944						
1073	137.8	138.25	138.695	137.49	4124469						
1074	139.13	138.55	139.15	138.07	3165588						
1075	138.62	139.75	139.75	137.81	4525023						
1076	140.65	139.34	140.76	139.11	4306924						
1079	139.72	140.8	141.22	139.48	4244194						
1080	140.4	139.12	140.41	139.01	2838197						
1081	139.83	139.84	140.44	139.51	3124224						
1082	142.4	140.0	142.58	139.68	4461016						
1083	142.16	142.83	142.96	141.44	7612050						
1086	142.13	142.16	142.61	141.71	2440956						
1087	142.18	141.98	142.99	141.66	3288132						
1088	140.96	142.17	142.17	140.9	2647138						
1089	140.11	140.22	140.6	139.56	3777927						
1090	140.11	140.22	140.6	139.56	3777927						
1093	141.29	140.95	141.62	140.33	2668119						
1094	141.9	141.29	142.04	140.5	3346198						
1095	142.46	142.91	143.4	142.29	3161254						
1096	141.88	142.56	143.05	141.48	3520156						
1097	143.79	141.21	144.05	141.11	3985651						
1100	143.22	143.99	143.99	142.77	3163902						
1101	141.2	142.42	142.48	140.93	3166539						
1102	141.7	141.31	141.82	140.42	2820506						
1103	140.81	140.93	141.2	140.27	2920457						
1104	141.06	141.53	141.99	140.68	2118394						
1107	140.99	141.79	142.0939	140.96	2381094						
1108	142.4	141.25	142.49	140.98	2649297						
1109	144.04	142.95	144.14	142.89	3562773						
1110	143.72	144.1	144.35	143.47	2487261						
1111	143.45	144.14	144.16	142.94	3124074						
1114	144.38	143.0	144.479	142.95	2765958						
1115	145.95	144.78	146.38	144.515	3657481						
1116	146.09	145.98	146.44	145.375	2288951						
1117	144.86	146.09	146.42	144.67	2879782						
1118	146.11	145.32	146.39	144.97	2692428						
1121	146.18	145.65	146.3678	145.5	2198680						
1122	147.02	146.59	147.16	146.3	2942630						
1123	147.6	146.9	148.03	146.5	2991412						
1124	146.07	146.64	147.46	145.76	2498145						
1125	145.48	145.4	146.22	144.52	3895593						
1128	146.89	145.77	147.1399	145.69	2774557						
1129	144.83	145.91	146.09	144.08	3551450						
1130	144.24	144.16	144.4	143.33	2483166						
1131	143.88	144.22	144.82	143.48	2438253						
1132	144.62	143.82	144.84	143.33	2288700						
1135	142.91	144.54	144.54	141.92	3644610						
1136	144.78	143.31	144.9	143.25	3130976						
1137	142.87	144.88	144.9799	142.75	2939925						
1138	143.31	143.46	143.72	142.305	2431376						
1139	141.4	143.21	143.7	141.13	3232146						
1142	141.85	141.4	142.15	141.21	2873332						
1143	140.34	141.97	141.99	139.901	3963921						
1144	141.47	140.18	141.85	139.95	2917795						
1145	140.79	141.07	141.65	139.68	2803680						
1146	141.83	141.48	142.49	141.16	3170950						
1149	141.48	141.85	142.0	141.05	2048990						
1150	143.71	141.95	144.05	141.73	3268812						
1151	144.08	143.72	144.94	143.72	2936391						
1152	143.05	144.0	144.19	142.88	2741957						
1153	143.35	143.49	143.62	142.77	2289877						
1156	143.35	143.49	143.62	142.77	2289877						
1157	140.54	143.89	144.14	140.54	6564680						
1158	141.99	140.97	142.09	140.37	3278030						
1159	142.11	141.65	142.11	140.96	2757262						
1160	141.14	141.16	141.52	140.11	3153331						
1163	141.82	141.62	142.5	141.39	2686954						
1164	141.41	142.16	142.49	141.39	2729798						
1165	142.53	141.57	142.69	141.53	2390559						
1166	142.23	142.05	142.51	141.16	2187497						
1167	141.76	141.31	142.36	141.24	2579843						
1170	140.94	141.23	142.65	140.94	2994572						
1171	141.3	140.79	141.55	140.515	3475970						
1172	140.45	141.74	142.17	140.32	3219675						
1173	141.99	140.09	142.05	138.96	3639755						
1174	140.73	141.98	142.0	140.45	5394069						
1177	141.67	141.96	142.94	141.63	4038747						
1178	143.53	142.06	143.63	141.85	3677391						
1179	143.94	143.63	144.66	143.5701	3659672						
1180	145.98	144.97	146.0	144.595	4493647						
1181	139.71	140.74	142.0	139.47	12476305						
1184	138.5	138.79	139.0	136.65	6382423						
1185	140.28	139.79	140.36	138.29	5312279						
1186	142.12	141.3	142.12	139.91	4257068						
1187	144.79	142.21	144.82	142.101	5196420						
1188	143.96	144.59	144.83	143.75	2874437						
1191	143.96	144.59	144.83	143.75	2874437						
1192	142.23	143.19	143.56	141.76	3426342						
1193	142.51	141.9	142.64	140.95	2804736						
1194	141.91	142.38	143.04	141.19	2864267						
1195	143.65	143.35	143.74	142.721	3718126						
1198	143.93	143.75	144.23	143.43	3194589						
1199	144.67	144.53	145.03	143.98	3158369						
1200	145.93	144.88	145.99	144.41	3274462						
1201	145.73	146.25	146.66	145.46	3323041						
1202	145.97	146.25	146.44	145.12	3860775						
1205	146.57	146.0	146.71	146.0	3128032						
1206	146.92	146.06	146.99	145.85	3543311						
1207	146.17	146.81	146.94	145.695	2855319						
1208	144.35	146.01	146.22	144.194	3961692						
1209	144.6	144.72	144.85	143.8899	3142024						
1212	144.14	144.87	145.0	143.6	2483906						
1213	144.34	144.34	144.85	143.83	2466354						
1214	144.19	144.27	144.75	143.7	2611744						
1215	144.42	143.92	144.69	143.48	1944634						
1216	144.27	144.09	144.6	143.78	2589300						
1219	143.93	144.62	144.77	143.58	2051314						
1220	143.31	143.95	143.99	142.96	2457043						
1221	143.63	143.35	143.88	142.98	2217122						
1222	143.12	143.8	143.91	142.915	1848633						
1223	145.65	144.0	145.65	143.92	3925956						
1226	145.56	145.29	145.65	144.23	3516292						
1227	147.22	145.96	147.449	145.45	3680458						
1228	146.69	147.0	147.27	146.13	2465151						
1229	147.74	146.46	147.98	146.44	3272221						
1230	147.72	147.12	147.75	146.6871	2586706						
1233	147.78	147.72	147.92	147.12	2196013						
1234	147.24	147.62	147.945	147.22	2121326						
1235	149.08	147.42	149.33	147.0	3044156						
1236	148.81	149.19	149.36	148.53	2185389						
1237	148.75	148.4	148.84	147.79	2641224						
1240	148.45	148.51	148.8	147.85	1765428						
1241	148.77	148.58	149.24	148.58	2019281						
1242	148.41	148.5	148.84	148.13	2269407						
1243	148.64	148.24	148.71	148.11	2449708						
1244	147.91	148.65	149.23	147.22	2872802						
1247	149.3	148.23	149.675	148.0	2726556						
1248	150.23	149.25	150.24	149.225	2832865						
1249	150.49	150.0	150.9	148.66	5338727						
1250	150.35	150.7	151.0	148.82	3020843						
1251	150.72	150.69	151.05	149.97	2258232						
1254	150.72	150.69	151.05	149.97	2258232						
1255	150.43	150.54	150.98	149.31	4460828						
1256	149.58	150.0	150.49	149.34	2437112						
1257	149.78	149.6	150.1	149.3	2963446						
1258	146.62	149.1	149.59	146.56	4342691						
1261	148.97	146.37	149.39	145.942	4323777						
1262	146.23	147.95	148.13	145.55	5505863						
1263	145.78	146.02	146.91	145.33	3097253						
1264	146.66	146.0	147.08	145.47	3300340						
1265	145.01	146.11	146.23	144.68	11133658						
1268	145.24	145.34	146.19	144.93	3031827						
1269	144.92	145.98	145.98	144.76	2366980						
1270	146.46	145.65	146.49	144.98	3768915						
1271	146.53	146.75	147.09	146.13	2770914						
1272	145.0	146.3	146.49	145.0	3697765						
1275	144.18	144.52	144.96	144.0	2863732						
1276	145.34	144.28	145.38	144.01	2934596						
1277	145.28	145.28	145.42	144.03	3246479						
1278	143.59	145.18	145.52	143.36	3313833						
1279	144.47	144.27	145.38	144.27	4416543						
1282	143.76	144.27	144.31	143.21	3493795						
1283	143.17	143.74	144.2	142.8	3058918						
1284	144.15	143.65	144.295	143.21	2998844						
1285	143.87	144.03	144.1	143.3	2280020						
1286	144.52	143.93	144.94	143.78	3093774						
1289	145.2	145.05	145.68	144.98	1884076						
1290	143.95	145.13	145.14	143.53	2723046						
1291	144.91	143.86	145.29	143.86	2558082						
1292	143.22	143.79	144.05	141.92	4657604						
1293	144.18	143.91	144.89	143.58	2932812						
1296	143.8	144.5	144.76	143.37	2552831						
1297	144.3	144.65	145.09	144.13	2378509						
1298	144.86	144.87	145.71	144.48	2309724						
1299	144.49	144.62	145.43	144.19	2504989						
1300	143.6	143.54	143.95	142.8	3075401						
1303	143.83	144.09	144.89	143.68	2223780						
1304	143.42	143.7	144.16	143.21	2350118						
1305	143.94	143.38	144.46	143.12	2769667						
1306	144.45	144.19	144.78	143.87	2914800						
1307	144.0	144.84	145.29	142.9	2789915						
1310	144.3	144.3	144.69	144.0	3229545						
1311	143.63	144.68	144.86	143.11	3339391						
1312	143.19	143.18	143.86	142.911	3178519						
1313	143.64	143.25	144.45	143.2	2691835						
1314	142.95	143.45	143.8	142.3476	3493290						
1317	146.91	144.71	147.17	144.3	5236007						
1318	147.79	146.89	148.14	146.4	3636039						
1319	151.28	146.1	151.64	145.1	8687802						
1320	156.06	152.0	156.613	151.68	8142789						
1321	156.92	155.3	157.28	155.15	4514407						
1324	157.93	157.48	158.16	156.53	5520443						
1325	157.46	157.61	157.82	156.09	4780061						
1326	157.08	157.02	157.59	156.02	4468911						
1327	158.39	156.81	158.64	156.3	4169131						
1328	157.75	158.35	158.48	157.17	3383264						
1331	158.71	158.1	158.71	157.42	2847352						
1332	158.66	159.01	159.09	157.83	3143256						
1333	158.11	158.66	159.0	157.28	3056491						
1334	158.11	158.66	159.0	157.28	3056491						
1335	158.18	158.63	158.63	157.6	1777189						
1338	156.97	157.9	158.49	156.89	4204282						
1339	157.68	157.509	157.98	156.82	2973271						
1340	157.44	158.42	158.89	157.42	5145568						
1341	160.12	157.58	160.24	157.51	4578619						
1342	159.39	160.05	160.12	158.7	3854366						
1345	160.21	160.25	160.68	159.27	4870428						
1346	161.34	160.57	161.55	159.9286	3543553						
1347	164.69	161.94	164.69	161.4	6043172						
1348	164.11	164.98	165.9527	163.5204	4902518						
1349	164.86	164.28	165.16	163.07	3887883						
1352	166.12	164.65	166.64	164.35	6759723						
1353	166.62	166.49	166.99	165.4	4359110						
1354	165.06	166.59	167.25	164.54	4537373						
1355	165.73	165.5	167.02	164.8	3985542						
1356	164.76	166.14	166.15	164.33	7046167						
1359	165.35	165.19	165.65	164.48	2972529						
1360	166.36	166.15	166.42	165.4	3103082						
1361	165.95	166.4	166.67	165.55	2480663						
1362	166.03	165.77	166.1161	164.89	2511595						
1363	165.32	166.26	166.44	164.77	2043071						
1366	165.32	166.26	166.44	164.77	2043071						
1367	164.95	165.51	165.82	164.78	2133794						
1368	163.75	165.45	165.64	163.56	2626808						
1369	163.05	163.93	164.47	163.01	2545291						
1370	162.98	163.16	164.03	162.62	4041440						
1373	162.98	163.16	164.03	162.62	4041440						
1374	163.83	164.34	164.71	162.44	4090967						
1375	164.08	164.45	164.57	163.0	3568919						
1376	163.3	164.06	164.14	162.18	2982464						
1377	163.41	163.44	163.8	162.64	2697027						
1380	162.02	163.04	163.25	162.02	3564674						
1381	161.47	162.0	162.74	161.41	2671259						
1382	162.23	161.54	162.45	161.03	3305859						
1383	161.41	162.0	162.145	160.33	3229377						
1384	161.9	161.81	163.13	161.51	3081644						
1387	161.9	161.81	163.13	161.51	3081644						
1388	159.64	161.96	162.0	159.3	4712846						
1389	160.49	160.04	160.86	159.43	3074731						
1390	159.41	160.82	161.12	159.11	3172804						
1391	160.21	160.21	160.78	159.58	4176128						
1394	158.81	160.19	160.28	158.61	3434296						
1395	160.72	159.26	161.09	158.77	4012503						
1396	164.25	162.0	164.63	161.39	4499965						
1397	164.92	164.88	165.03	164.08	3132402						
1398	164.4	164.93	165.2999	163.46	2520335						
1401	164.8	164.2	164.91	163.22	3194354						
1402	164.14	164.64	165.06	163.08	3099569						
1403	163.61	164.75	165.2	163.3	2906881						
1404	163.0	163.31	163.31	162.27	3041976						
1405	163.94	164.0	164.19	162.52	3352667						
1408	163.42	163.88	163.93	163.04	2798291						
1409	162.93	163.6215	163.85	162.58	2446760						
1410	162.87	162.9	163.13	162.15	2247143						
1411	164.04	163.43	164.4229	162.82	2878311						
1412	164.01	164.59	164.68	163.6	3066201						
1415	165.85	164.71	166.24	164.44	2958849						
1416	166.95	165.85	167.0	165.17	3057943						
1417	167.28	167.21	167.34	166.12	4349610						
1418	167.74	167.28	167.8	166.1	3152206						
1419	168.57	167.56	168.7	166.71	3716900						
1422	168.57	167.56	168.7	166.71	3716900						
1423	168.92	168.92	169.65	168.47	4416873						
1424	169.61	168.92	169.7	168.3274	3299350						
1425	170.15	169.96	170.16	169.1085	3377140						
1426	170.22	169.5	170.275	169.22	4023408						
1429	170.63	170.9	171.2	170.32	3738606						
1430	171.42	170.9	172.2	170.51	6464455						
1431	177.28	173.7	177.41	173.7	7137648						
1432	175.89	177.86	177.86	175.48	4154760						
1433	175.68	175.97	176.46	175.04	3572889						
1436	175.4	175.44	175.88	174.51	3379090						
1437	175.3	175.58	175.76	174.9	2645385						
1438	174.97	175.89	176.0	174.8	3334427						
1439	175.37	175.7	175.85	174.8152	2955841						
1440	174.98	176.0	176.14	174.45	3789669						
1443	175.39	175.29	175.6	174.69	3333468						
1444	174.73	175.22	175.43	174.23	2972477						
1445	174.67	174.98	175.08	173.77	3928488						
1446	174.08	175.15	175.43	173.7	3119576						
1447	172.82	173.89	173.89	172.32	6710690						
1450	172.07	172.3	172.868	171.6	3340655						
1451	169.47	172.16	172.44	169.03	4973857						
1452	169.3	169.27	170.04	168.02	3257041						
1453	169.89	169.66	171.36	169.21	3142944						
1454	168.66	170.45	170.45	168.02	4131882						
1457	167.44	166.89	167.5103	165.8	4884740						
1458	168.31	167.28	168.612	166.36	4598039						
1459	166.59	168.0	168.3	166.44	4776445						
1460	167.36	166.3	167.69	166.0	3393679						
1461	166.68	167.41	167.6	166.34	3564732						
1464	166.87	166.72	167.0	165.32	3986871						
1465	166.86	166.61	167.0	166.14	2853044						
1466	165.83	167.45	168.23	165.67	5231101						
1467	166.47	165.64	166.995	165.02	3892319						
1468	166.17	165.62	166.89	165.48	2594128						
1471	166.35	166.2	167.0	165.975	3015946						
1472	165.7	165.8	166.22	164.85	3488171						
1473	165.11	165.07	165.48	164.66	3419655						
1474	162.9	164.98	165.28	162.87	3655089						
1475	162.9	164.98	165.28	162.87	3655089						
1478	164.35	163.61	164.63	162.67	3414133						
1479	163.69	163.87	164.23	163.09	2985842						
1480	162.76	164.1	164.49	162.28	3932873						
1481	164.98	163.29	165.235	163.04	3729159						
1482	163.41	164.4	164.95	163.34	5122410						
1485	165.78	165.7	165.99	164.4	4135474						
1486	167.53	166.92	167.96	166.6	4268529						
1487	167.63	167.5	168.95	167.25	4084301						
1488	166.55	167.65	167.81	165.5	4290201						
1489	165.21	166.28	166.55	164.68	3045003						
1492	165.44	165.8	166.32	165.35	3135353						
1493	166.05	165.9	166.3299	165.16	2781230						
1494	166.73	165.7	167.08	165.5	2982169						
1495	166.34	167.64	168.04	166.22	3643542						
1496	166.55	167.12	167.14	165.879	3578534						
1499	165.02	166.5	166.6	164.1	5163917						
1500	163.46	165.17	165.24	163.0	3840717						
1501	163.72	163.36	163.88	163.03	3237362						
1502	163.27	163.58	163.77	162.39	3285904						
1503	163.32	163.06	163.49	162.47	3592274						
1506	163.8	163.81	164.08	163.26	2959049						
1507	163.61	164.1	164.29	163.25	2434915						
1508	161.26	162.44	162.86	161.18	4797434						
1509	161.62	161.5	162.62	160.93	3645610						
1510	163.24	161.86	164.08	161.58	4164932						
1513	165.13	164.8	165.48	163.94	4350808						
1514	165.48	165.4	165.77	164.8736	3352163						
1515	164.93	165.9	165.9	164.55	2628386						
1516	165.3	165.23	165.5	164.71	2605333						
1517	165.69	165.25	165.88	165.0177	2156256						
1520	165.69	165.25	165.88	165.0177	2156256						
1521	165.11	165.79	165.87	164.47	3048318						
1522	165.28	165.27	165.45	164.1	5674932						
1523	166.66	165.8	166.69	164.75	3330897						
1524	166.29	166.13	166.92	165.85	3919875						
1527	166.52	166.43	167.1337	166.33	2303426						
1528	166.13	166.12	166.72	165.88	2752253						
1529	166.5	166.14	166.75	165.87	2987775						
1530	166.94	166.35	167.94	166.23	4387420						
1531	170.0	167.67	170.14	167.42	3781306						
1534	170.5	169.43	170.65	169.26	4662747						
1535	171.47	171.5	171.82	170.9001	3145426						
1536	171.45	170.92	171.5	169.55	3344536						
1537	170.55	170.6	170.9216	169.57	3275236						
1538	170.48	170.6	171.04	169.7501	6505945						
1541	171.55	171.39	171.95	170.78	2869040						
1542	170.55	171.68	171.68	170.45	2470055						
1543	169.62	170.61	170.78	169.34	2365080						
1544	168.32	169.33	169.67	168.31	2673903						
1545	167.22	169.27	169.27	166.64	4046778						
1548	167.49	167.8	168.28	166.9676	2542983						
1549	167.35	167.72	168.06	166.78	2995631						
1550	169.89	167.93	170.15	167.9	3210877						
1551	169.3	170.68	171.37	168.6	3545467						
1552	169.37	170.01	170.15	169.27	3627845						
1555	171.8	170.4	172.7	169.95	2493428						
1556	171.8	170.4	172.7	169.95	2493428						
1557	171.85	172.06	172.505	171.28	2558551						
1558	170.2	171.56	171.97	170.09	3182046						
1559	171.14	170.84	171.32	169.9	2967228						
1562	170.25	170.61	171.31	169.9	2504544						
1563	169.24	169.94	170.2	168.0	3525601						
1564	169.92	169.79	170.09	169.06	3018227						
1565	169.69	170.06	170.07	169.25	3170520						
1566	169.47	168.9	169.92	168.52	2941549						
1569	170.16	169.44	170.73	168.95	3044423						
1570	170.31	170.04	170.69	169.56	2599866						
1571	171.2	170.665	171.33	170.35	1923235						
1572	171.33	171.33	171.87	171.07	2137923						
1573	171.34	171.57	171.69	170.66	2419774						
1576	171.37	171.5	171.8799	171.07	2649623						
1577	172.94	172.15	173.37	172.15	2921124						
1578	173.02	173.0	173.79	172.5	2849544						
1579	173.05	173.17	173.18	172.22	3523365						
1580	174.0	173.06	174.34	172.13	2401766						
1583	174.97	174.7	175.6	174.2	3477036						
1584	176.29	175.93	176.38	174.81	2665971						
1585	177.85	176.29	177.92	175.91	3174497						
1586	178.99	177.5	179.0	177.44	2856181						
1587	179.92	179.8	179.99	178.69	2636647						
1590	178.04	177.04	178.41	177.04	3279231						
1591	176.43	177.71	178.29	176.2	2925032						
1592	178.06	175.5	178.16	175.05	2804084						
1593	176.36	177.13	177.6	176.26	3084301						
1594	175.34	176.32	177.17	175.27	2580408						
1597	177.29	176.75	177.73	176.45	2710069						
1598	177.47	177.74	178.1499	177.24	2669980						
1599	178.54	178.2	178.97	177.6	2299204						
1600	177.16	178.25	178.7	177.16	4189507						
1601	177.56	176.57	178.82	176.27	3586077						
1604	178.34	177.62	178.5	177.07	2878449						
1605	180.45	178.5	180.61	178.46	2928641						
1606	179.98	179.25	180.52	179.0	2444623						
1607	178.43	179.98	180.0	178.13	3250135						
1608	179.6	179.0	180.16	178.8561	2284637						
1611	178.7	179.77	179.9	178.02	2986454						
1612	178.62	177.72	178.7	177.2	2499300						
1613	180.35	178.71	181.03	178.51	3304304						
1614	181.16	180.35	181.87	180.25	4376292						
1615	180.73	181.6	181.97	180.57	2536811						
1618	180.73	181.6	181.97	180.57	2536811						
1619	176.98	180.29	180.29	176.29	4890720						
1620	176.79	177.35	177.87	176.73	4270318						
1621	173.99	177.05	177.48	172.61	4620639						
1622	175.5	173.9	175.815	173.57	3736383						
1625	177.87	177.75	179.24	177.33	4107611						
1626	178.63	178.0	178.72	177.8	2348503						
1627	178.92	177.76	179.15	177.61	2679361						
1628	178.57	178.8	179.16	178.38	3304129						
1629	179.89	179.24	180.36	178.81	9234842						
1632	181.47	180.5	181.74	180.27	3698635						
1633	183.01	181.5	183.01	181.5	3159030						
1634	183.82	183.3	183.93	182.46	3742122						
1635	183.16	183.32	183.93	183.03	2368980						
1636	181.86	182.63	182.84	181.3034	2688065						
1639	182.52	181.99	182.64	180.8	2424610						
1640	181.86	182.55	182.87	181.74	2381967						
1641	183.27	182.87	184.0	182.51	2593883						
1642	183.21	183.4	183.95	182.44	1930837						
1643	183.32	183.59	183.68	182.42	2761562						
1646	185.41	183.45	185.47	182.9301	2577545						
1647	185.67	185.6	186.51	184.6	3173887						
1648	185.83	186.2	186.67	185.51	2071581						
1649	187.12	186.17	188.04	185.8	2786086						
1650	187.43	187.2	187.62	186.05	2995155						
1653	187.5	187.5	187.95	186.639	2036652						
1654	188.0	187.46	188.2	187.16	2212831						
1655	187.46	187.4	187.95	186.48	2750551						
1656	186.3	187.7	187.99	185.97	2640716						
1657	187.37	186.77	188.0	186.33	2830248						
1660	187.96	188.0	188.62	187.57	2316734						
1661	187.39	187.96	188.0	186.5	2273060						
1662	187.85	187.75	188.13	186.8	2192928						
1663	187.21	187.16	187.5	186.43	2831912						
1664	189.04	187.75	189.04	187.58	2934866						
1667	189.39	189.18	189.72	188.64	2418165						
1668	189.78	189.92	190.68	189.53	2888644						
1669	188.71	189.83	190.0	187.66	3394242						
1670	188.61	189.65	189.92	187.831	2740876						
1671	188.59	188.32	188.63	187.05	2978782						
1674	187.85	188.02	188.52	187.3474	2473723						
1675	186.94	188.06	188.11	186.41	3290354						
1676	187.17	188.1	188.13	186.73	2727823						
1677	188.61	186.75	188.78	185.89	3340869						
1678	187.27	188.13	188.55	187.02	2159941						
1681	186.68	186.1	187.57	185.3	2603060						
1682	186.3	187.23	188.19	185.61	2500555						
1683	184.6	186.31	186.89	184.35	4118808						
1684	184.49	183.34	184.679	181.76	3633049						
1685	183.68	183.84	184.07	182.51	3043339						
1688	184.4	183.16	184.85	183.16	1889919						
1689	183.34	183.66	184.0	182.5001	3087975						
1690	181.81	182.13	182.9	181.41	4004451						
1691	182.05	182.21	183.05	181.65	3944011						
1692	181.06	181.7	181.94	180.5	2715940						
1695	181.63	181.43	181.98	180.44	2428837						
1696	183.18	181.78	183.5	181.51	3046964						
1697	182.56	183.78	183.78	181.94	3017043						
1698	182.56	183.78	183.78	181.94	3017043						
1699	182.36	182.66	182.98	182.2456	1038600						
1702	183.49	182.74	183.87	182.41	2985187						
1703	187.54	184.1	187.84	184.02	3721044						
1704	189.85	188.2	192.0	187.57	4898043						
1705	193.01	190.35	193.81	189.95	6420402						
1706	194.56	193.59	194.99	189.72	5177289						
1709	196.96	196.18	199.48	196.18	4899504						
1710	196.07	197.77	197.99	195.5	3411657						
1711	196.01	195.79	196.8299	194.8	3315684						
1712	196.34	195.91	196.75	194.98	2650907						
1713	196.44	196.82	197.28	195.02	3953424						
1716	196.7	196.63	197.18	195.3	3605038						
1717	199.07	197.0	199.92	197.0	4343014						
1718	197.4	198.56	199.63	197.35	4151856						
1719	196.66	198.12	198.19	195.9355	3594449						
1720	197.78	198.24	199.2	197.23	9169379						
1723	199.34	199.5	200.26	198.94	4600104						
1724	197.91	200.16	200.5	197.68	3645240						
1725	197.79	199.39	199.75	197.68	3914274						
1726	198.89	198.85	199.56	198.21	3262442						
1727	197.92	199.24	199.68	196.88	3786759						
1730	197.92	199.24	199.68	196.88	3786759						
1731	197.57	197.97	198.57	197.28	1769585						
1732	198.69	197.5	198.82	197.28	3343161						
1733	199.56	199.34	199.96	198.82	2340013						
1734	198.22	200.0	200.07	198.22	3565996						
1737	198.22	200.0	200.07	198.22	3565996						
1738	197.22	198.87	198.87	195.96	4112983						
1739	199.79	197.0	200.0	197.0	3526694						
1740	200.69	200.9	202.1299	200.01	3899998						
1741	201.42	201.0	201.67	199.31	4207636						
1744	202.74	201.15	203.07	199.8	3887912						
1745	203.02	203.34	204.4	202.58	3834919						
1746	205.61	203.0	205.724	202.5	3793089						
1747	206.69	205.96	207.28	205.7156	3641516						
1748	210.16	207.27	210.39	206.8	4184374						
1751	210.16	207.27	210.39	206.8	4184374						
1752	210.29	213.12	214.03	209.36	6220020						
1753	214.16	211.92	214.5	211.14	4600654						
1754	213.19	215.67	215.78	213.055	5141495						
1755	213.25	213.45	214.3	212.11	5140181						
1758	215.97	213.29	216.08	213.25	3267192						
1759	215.56	216.04	216.35	212.77	3659082						
1760	215.61	216.12	216.89	214.59	4294243						
1761	215.1	216.24	216.5	214.28	3088344						
1762	217.19	215.52	217.34	215.15	3640838						
1765	215.46	217.15	217.62	215.19	3021260						
1766	214.41	214.97	216.62	214.1	5040126						
1767	214.38	214.99	215.05	213.37	4626303						
1768	217.25	214.49	217.5	214.03	4508901						
1769	209.12	216.16	216.58	207.87	6080558						
1772	196.8	205.49	207.1	196.0	10746479						
1773	201.24	193.15	201.92	190.18	10662988						
1774	200.37	202.0	204.48	200.0	5758041						
1775	191.42	200.37	200.99	191.04	8044402						
1776	196.02	195.68	197.57	189.3	8931743						
1779	198.89	198.51	200.66	196.14	5128865						
1780	197.99	197.58	198.84	195.92	3967686						
1781	200.54	197.04	200.76	195.99	4348102						
1782	203.9	202.38	203.9	200.31	4357944						
1783	203.79	203.99	206.32	203.16	4382492						
1786	203.79	203.99	206.32	203.16	4382492						
1787	203.05	203.34	204.7	202.35	4116688						
1788	201.02	202.5	205.221	200.77	4994392						
1789	200.73	201.57	203.28	200.16	4034009						
1790	202.76	201.39	202.97	200.805	4128443						
1793	210.62	207.71	211.14	205.36	8254143						
1794	209.66	212.0	213.13	209.65	5903429						
1795	207.2	211.0	211.535	200.47	5378272						
1796	201.53	206.82	208.5699	200.28	6983958						
1797	201.34	199.98	201.974	198.98	5025518						
1800	203.24	199.6	204.1256	199.12	4041139						
1801	204.55	204.86	204.86	202.37	3203318						
1802	204.3	202.35	204.83	201.75	3622810						
1803	205.29	204.32	205.49	203.03	3084500						
1804	212.94	206.95	213.24	206.25	5494342						
1807	211.82	213.2	213.36	211.24	4967030						
1808	209.13	212.69	213.04	208.8	4698184						
1809	206.99	210.4	210.4	206.23	4015352						
1810	207.82	208.29	209.32	207.61	4127182						
1811	206.96	208.56	208.97	206.46	5961775						
1814	203.99	206.87	207.06	202.64	4261311						
1815	204.75	204.25	205.6	203.8	2939285						
1816	204.83	205.38	207.27	204.0	3235573						
1817	197.63	203.18	203.19	196.99	7113394						
1818	192.46	198.0	198.29	191.87	7257000						
1821	199.34	196.9	199.57	195.0801	5223691						
1822	196.15	200.48	201.44	194.44	5149201						
1823	196.67	196.17	198.72	193.78	4388810						
1824	199.48	198.08	201.01	197.33	5714612						
1825	199.48	198.08	201.01	197.33	5714612						
1828	195.0	199.01	199.61	192.02	6178173						
1829	197.96	196.0	198.24	193.91	4192925						
1830	200.11	194.02	200.53	194.0	4100728						
1831	200.85	201.17	202.77	200.27	4661347						
1832	195.49	199.7	199.85	193.74	5580571						
1835	195.33	196.73	198.63	194.95	3873115						
1836	197.8	198.16	199.7	197.05	3262709						
1837	195.22	196.6	197.04	194.92	3522134						
1838	198.13	196.5	199.6	196.29	3707877						
1839	197.0	199.6	199.85	196.0	3150934						
1842	198.22	198.65	199.95	197.55	3818956						
1843	199.27	199.85	200.66	198.9	4658321						
1844	199.51	200.24	200.94	199.4	2872896						
1845	200.38	199.99	201.48	199.1999	2726539						
1846	200.13	200.94	201.0	198.92	3705828						
1849	199.42	200.22	200.84	198.52	2672644						
1850	196.8	199.87	200.66	195.23	3718236						
1851	196.8	196.18	197.36	194.41	3204419						
1852	197.03	196.63	197.96	196.24	2388500						
1853	197.23	196.93	197.55	195.83	2558931						
1856	193.73	197.39	198.1	193.62	4247470						
1857	195.11	193.76	195.3	192.75	3235029						
1858	193.31	195.07	195.07	192.98	3885522						
1859	191.61	192.81	192.99	189.8	5059371						
1860	195.64	192.04	196.24	190.19	4919141						
1863	197.06	196.0	197.82	195.76	3692135						
1864	196.24	197.4	197.4	194.7	4189565						
1865	199.87	197.0	200.05	196.28	3290630						
1866	201.2	200.43	201.29	198.92	2957327						
1867	199.3	200.62	202.41	198.9	3917729						
1870	199.18	200.0	200.65	198.66	3264616						
1871	197.36	198.79	198.93	196.18	3380004						
1872	197.83	196.86	198.38	196.4	2927443						
1873	197.49	197.74	197.85	196.62	2604169						
1874	196.06	197.52	197.64	195.77	3137104						
1877	197.91	197.77	198.63	197.01	3005541						
1878	198.13	198.02	198.89	197.18	3161987						
1879	195.95	197.4	197.71	194.95	4036274						
1880	194.83	196.06	196.26	193.9237	3206249						
1881	194.15	193.89	194.75	193.21	3030970						
1884	194.15	193.89	194.75	193.21	3030970						
1885	189.87	192.9	193.11	188.62	8912129						
1886	194.1	191.9	194.9	191.33	4307609						
1887	191.53	194.29	194.29	191.42	5787487						
1888	192.23	192.9	193.38	191.59	3817848						
1891	191.3	193.0	193.41	191.25	4444482						
1892	190.77	191.37	191.3972	190.14	4324975						
1893	193.99	191.69	194.0	191.565	4017540						
1894	195.57	194.66	195.68	193.7461	4340317						
1895	196.01	195.34	196.4	194.27	3757799						
1898	195.33	196.3	196.74	195.19	3465573						
1899	195.27	195.97	195.99	194.71	3046955						
1900	194.55	195.13	196.0	194.26	3704879						
1901	192.5	194.92	195.0	192.04	4947205						
1902	191.76	192.28	192.5	190.52	7340985						
1905	191.11	190.64	191.3599	189.91	3773753						
1906	190.35	190.05	191.18	189.35	4035321						
1907	189.5	190.47	190.89	189.2	5234195						
1908	188.86	189.05	189.84	187.97	4977941						
1909	188.91	190.0	190.48	188.66	6996675						
1912	186.73	188.63	188.83	185.18	6062388						
1913	186.44	186.52	187.62	185.78	4324570						
1914	184.91	186.5	187.89	184.7459	4451599						
1915	187.09	185.43	187.94	185.16	4218540						
1916	186.65	188.46	189.28	186.29	5185678						
1919	187.83	186.09	188.1	185.97	3521309						
1920	186.02	188.46	188.73	185.72	2031235						
1921	186.02	188.46	188.73	185.72	2031235						
1922	187.5	187.07	187.63	186.23	3310188						
1923	187.56	187.5	188.69	186.52	2818783						
1926	189.64	188.11	189.82	187.82	3504687						
1927	189.9	189.75	190.615	189.15	2685549						
1928	189.91	188.73	190.64	188.56	3343082						
1929	189.96	190.9	190.99	188.91	3040839						
1930	190.96	189.77	191.2922	189.13	2694638						
1933	192.0	190.7	192.23	190.7	2626721						
1934	190.41	192.0	192.19	190.27	3724974						
1935	200.44	195.5	201.4	195.35	10469557						
1936	197.49	200.35	200.9554	197.3	4670750						
1937	196.78	197.0	197.66	196.46	4076609						
1940	197.85	196.25	198.87	196.2001	3587600						
1941	198.46	198.45	199.96	198.22	3346568						
1942	197.61	198.21	198.21	196.81	3783484						
1943	197.46	198.27	198.99	197.28	3766316						
1944	197.95	198.0	198.9	197.18	3943734						
1947	199.09	197.8	199.91	197.8	3988269						
1948	197.87	199.0	199.5363	197.06	4911689						
1949	197.85	198.8	199.7	197.32	4004619						
1950	198.06	197.2	198.76	196.77	3269861						
1951	200.24	198.5	200.42	198.12	5027974						
1954	206.06	204.89	208.11	204.62	6673114						
1955	208.72	207.5	209.94	207.1527	6160126						
1956	208.94	208.81	209.71	208.43	3869280						
1957	209.1	209.0	209.65	208.72	4685687						
1958	206.63	207.3	207.77	205.59	4383121						
1961	205.17	206.63	207.01	205.04	3839030						
1962	205.83	205.3	206.48	204.9	2774546						
1963	204.5	205.01	205.4886	203.57	3547235						
1964	207.56	205.39	207.62	204.6	3576514						
1965	208.14	207.57	208.47	206.92	2749926						
1968	208.46	208.43	209.535	207.83	2527289						
1969	208.49	208.81	209.35	208.1	2665299						
1970	207.33	207.63	207.97	206.96	2454554						
1971	207.24	207.58	207.79	206.66	2363028						
1972	207.98	207.75	208.16	207.33	2415798						
1975	210.51	208.56	210.75	208.52	3166684						
1976	210.77	210.88	211.2	210.01	2885193						
1977	211.27	211.0	211.32	210.18	3176896						
1978	209.75	211.08	211.3	209.67	4737887						
1979	208.72	210.0	210.3	208.1	4526229						
1982	208.72	210.0	210.3	208.1	4526229						
1983	210.05	209.21	210.1	208.04	2775753						
1984	212.26	209.81	212.46	209.49	3709175						
1985	212.88	211.6	213.4	211.57	3601837						
1986	214.04	212.5	214.47	212.5	4050145						
1989	215.11	215.0	216.27	214.42	4137213						
1990	215.1	214.04	215.87	212.76	3601475						
1991	214.59	214.54	215.43	214.15	3463187						
1992	214.89	215.02	215.42	214.17	4071608						
1993	216.37	215.5	216.51	215.3	3279046						
1996	216.29	216.99	217.13	215.7329	3076877						
1997	218.3	216.3	218.5	216.3	3576820						
1998	220.95	218.22	221.32	217.8	4288273						
1999	221.68	221.78	223.0	221.3	5340223						
2000	220.52	222.13	222.69	220.13	13363198						
2003	218.13	220.48	220.68	217.91	4539528						
2004	218.05	218.43	218.98	217.41	3280268						
2005	216.11	218.05	218.42	215.77	4122054						
2006	216.7	216.74	217.6772	215.23	3053549						
2007	214.11	216.38	216.38	213.86	4482537						
2010	214.78	215.92	216.1351	213.94	2993045						
2011	215.29	214.43	215.54	214.04	2934750						
2012	216.4	215.75	217.78	215.5	3275088						
2013	218.97	216.43	219.0	216.36	4428483						
2014	219.46	219.7	220.4	218.69	4075719						
2017	222.06	219.16	222.76	219.02	5641234						
2018	223.76	221.85	223.94	221.01	4516486						
2019	213.1	224.0	224.07	212.54	7922116						
2020	205.19	209.9	211.09	203.28	8322696						
2021	206.8	210.04	210.6	203.995	5734741						
2024	205.03	207.46	207.46	204.67	4541069						
2025	209.83	206.66	210.78	205.92	4776225						
2026	210.52	209.83	211.67	207.31	3807785						
2027	208.7	210.0	211.27	207.32	3144902						
2028	209.83	208.49	210.75	207.7964	4814518						
2031	206.19	210.77	210.77	206.03	3252413						
2032	204.0	203.1	205.25	201.88	4705739						
2033	199.81	202.77	203.69	199.57	4705917						
2034	201.98	200.73	203.43	200.14	4571854						
2035	198.49	199.01	200.69	197.29	6734582						
2038	200.04	201.23	203.612	197.93	4936434						
2039	203.35	199.65	203.76	198.7	6054262						
2040	205.28	205.21	208.07	204.5	5662988						
2041	205.86	205.6	206.28	204.32	3895086						
2042	206.57	207.5	208.705	203.39	5059967						
2045	216.24	213.51	217.51	212.96	7667565						
2046	218.51	216.75	218.74	216.4644	3879803						
2047	221.24	219.99	221.55	217.561	4741926						
2048	222.42	221.24	223.52	220.55	4165958						
2049	219.63	221.67	221.99	218.3	3971650						
2052	215.42	219.96	220.185	215.0	3355176						
2053	217.92	215.61	219.15	215.18	4089594						
2054	216.03	219.5	220.72	213.8	4409106						
2055	217.38	214.83	217.57	212.14	4258846						
2056	218.41	217.0	220.5	215.46	4347943						
2059	217.94	218.28	218.73	215.26	4321038						
2060	210.71	215.31	215.99	210.42	7680903						
2061	210.86	211.3	213.74	210.53	2840685						
2062	210.86	211.3	213.74	210.53	2840685						
2063	207.07	209.25	209.99	207.03	2273955						
2066	210.63	209.2999	211.0	208.64	3973883						
2067	212.53	209.82	212.84	209.51	4050554						
2068	217.5	213.0	217.64	212.44	4013390						
2069	217.7	215.85	219.3799	215.8	3960882						
2070	218.24	217.23	219.0836	216.93	5153154						
2073	220.81	221.98	223.586	218.9523	5148753						
2074	210.12	220.13	220.2799	209.71	7689790						
2075	210.12	220.13	220.2799	209.71	7689790						
2076	207.96	207.05	208.12	202.92	8386678						
2077	204.88	208.14	210.8481	203.5678	5483471						
2080	203.26	204.1	204.74	198.49	5594118						
2081	202.28	206.12	206.89	200.51	4483736						
2082	202.48	205.0	205.59	202.28	4164175						
2083	202.42	202.0	203.555	201.51	4508000						
2084	200.0	200.96	201.75	199.58	4995185						
2087	197.92	199.77	202.2	197.1	5991617						
2088	196.52	199.645	200.34	194.44	6593102						
2089	195.17	196.51	201.31	193.33	6278755						
2090	193.58	194.01	195.37	191.11	8976099						
2091	192.1	192.22	197.8	191.57	14907736						
2094	187.76	190.7	191.64	187.11	5020639						
2095	187.76	190.7	191.64	187.11	5020639						
2096	197.57	188.65	197.93	186.1003	7158221						
2097	200.12	195.6	200.12	191.9	7386835						
2098	202.08	200.72	204.74	200.2	5420780						
2101	204.18	204.23	205.01	201.0	5451924						
2102	204.18	204.23	205.01	201.0	5451924						
2103	202.8	201.73	204.4	201.15	4802068						
2104	191.66	199.97	200.22	191.04	8540588						
2105	195.2	194.85	196.69	193.88	6611219						
2108	196.91	196.39	198.28	195.37	5423020						
2109	196.31	198.99	199.08	194.66	4476843						
2110	196.37	197.3	197.68	194.95	3607458						
2111	196.58	195.51	197.9	194.96	3627722						
2112	196.29	195.66	196.65	194.5	3535212						
2115	195.78	194.78	196.44	194.46	3954272						
2116	196.94	195.79	197.25	195.201	3206723						
2117	198.41	197.64	199.57	197.24	5069580						
2118	198.78	197.7	199.41	196.46	4160991						
2119	204.48	200.7	204.73	200.24	5941214						
2122	204.48	200.7	204.73	200.24	5941214						
2123	200.72	203.52	204.96	199.14	5397721						
2124	201.15	200.72	201.31	198.5	3705549						
2125	201.02	199.75	201.6	199.75	4074934						
2126	202.75	203.05	204.74	202.0	3825291						
2129	200.95	201.49	201.75	199.81	3718029						
2130	202.05	200.92	202.1499	200.5	2815361						
2131	205.96	203.31	207.59	203.05	4519891						
2132	205.54	204.68	208.01	203.64	8676238						
2133	209.19	206.52	209.3	206.2	5992569						
2136	208.52	209.16	209.4	207.05	3730906						
2137	207.82	209.1	209.16	206.53	4243686						
2138	206.01	207.24	207.24	205.1	3708792						
2139	201.73	204.53	204.99	200.57	4908718						
2140	200.92	200.82	201.2	198.21	4666657						
2143	203.05	201.69	203.33	201.32	3600112						
2144	206.15	204.94	206.67	204.87	3517911						
2145	205.8	206.96	208.08	205.4141	3326941						
2146	202.78	204.64	204.64	201.6	3627291						
2147	205.29	204.86	205.79	204.07	5044736						
2150	205.29	204.86	205.79	204.07	5044736						
2151	205.69	205.1	206.32	204.68	3204178						
2152	206.16	205.78	206.92	204.935	3309310						
2153	205.33	206.27	206.86	204.35	3661365						
2154	201.91	204.25	204.59	199.92	5574969						
2157	202.31	201.7	205.0	201.22	5146498						
2158	201.9	202.4	202.65	201.3	4892733						
2159	202.29	201.72	202.3	201.25	4247246						
2160	201.3	202.68	202.94	201.11	3618960						
2161	203.13	203.15	203.84	201.84	3529468						
2164	201.81	203.09	204.87	200.58	4640638						
2165	201.47	201.76	202.0	200.58	5268386						
2166	200.67	201.61	202.3	200.57	3216616						
2167	199.3	200.58	200.58	197.99	5105747						
2168	198.7	197.91	198.94	197.03	3755208						
2171	202.09	199.62	202.3	199.47	3999269						
2172	202.5	202.66	203.73	202.23	3756148						
2173	204.06	203.0	205.36	202.66	3693597						
2174	203.38	203.26	204.36	202.68	3084157						
2175	204.31	204.08	206.16	203.86	7738851						
2178	206.68	204.67	206.95	204.67	3964622						
2179	205.15	207.75	207.75	204.56	3881533						
2180	203.27	205.43	205.45	202.98	4053218						
2181	204.43	202.92	204.7	201.91	4182517						
2182	200.55	203.28	204.01	200.06	5872384						
2185	199.44	200.83	201.98	198.2	4113063						
2186	200.62	200.83	201.32	198.7	3737812						
2187	199.21	200.72	201.2	198.23	3619181						
2188	200.66	199.4	200.75	198.4	3233554						
2189	200.89	201.34	201.7	200.03	4619762						
2192	205.0	202.16	205.3	202.0	4671599						
2193	203.88	204.91	205.43	203.59	2599673						
2194	203.67	205.46	205.7	202.9	2864486						
2195	204.1	203.26	204.9399	202.79	2436542						
2196	205.33	204.12	205.53	203.1	3363457						
2199	205.25	205.14	205.64	203.97	2623984						
2200	204.92	204.84	204.97	203.59	2589728						
2201	204.52	205.12	205.23	203.6	2632155						
2202	206.67	204.76	207.09	204.27	2988267						
2203	210.56	208.08	211.6738	207.58	4778873						
2206	209.74	210.52	210.55	207.76	2587520						
2207	211.8	210.15	211.84	210.0	2644777						
2208	210.37	212.39	212.49	209.68	2883009						
2209	209.99	210.96	211.43	209.73	2590894						
2210	209.99	210.96	211.43	209.73	2590894						
2213	209.49	209.5	210.37	208.88	1929247						
2214	211.61	209.5	211.88	208.89	3475441						
2215	210.57	211.55	212.02	210.2343	3208500						
2216	211.95	209.62	212.67	209.34	3152140						
2217	214.22	211.85	214.22	211.81	3155383						
2220	216.58	214.92	217.22	214.6	3467613						
2221	216.71	217.32	217.32	214.7	3611084						
2222	216.71	217.22	218.79	216.49	3769217						
2223	215.93	217.19	217.7	215.17	2646680						
2224	218.6	217.14	219.16	216.87	3382560						
2227	213.16	214.685	215.51	211.541	5657206						
2228	209.43	211.34	211.6	207.41	5266714						
2229	209.29	208.26	211.72	207.6	3838173						
2230	208.56	207.34	208.92	204.39	4251265						
2231	209.02	207.89	209.29	204.305	4075724						
2234	205.01	204.96	205.91	204.3	5186169						
2235	203.69	205.67	206.815	203.45	4005193						
2236	202.98	202.79	204.13	201.39	4024275						
2237	204.63	203.9	206.66	203.9	3074219						
2238	203.27	203.0	205.46	202.45	4614709						
2241	202.73	202.64	203.18	201.75	2645277						
2242	203.36	203.16	203.9874	202.5	2664427						
2243	202.6	202.72	203.49	201.7	2776131						
2244	201.3	200.8	202.18	199.32	4737449						
2245	201.69	202.12	202.12	200.79	3314493						
2248	201.69	202.12	202.12	200.79	3314493						
2249	199.7	202.05	202.41	199.52	6914939						
2250	198.52	198.95	199.49	197.34	4625776						
2251	199.74	199.06	200.2113	198.76	3646258						
2252	197.42	198.32	198.83	197.075	3685173						
2255	198.56	197.62	198.92	196.89	3979035						
2256	201.59	200.63	201.65	199.57	4112641						
2257	203.3	202.38	203.35	200.91	3210940						
2258	204.77	202.9	205.39	202.54	3005213						
2259	205.81	204.95	206.54	204.8	2672721						
2262	207.16	207.12	208.08	206.46	2865546						
2263	206.63	208.5	208.99	206.0	2545954						
2264	204.57	206.2	206.6	203.92	2835868						
2265	204.99	204.46	205.7599	204.3	2257756						
2266	205.16	204.87	205.845	203.85	2512373						
2269	203.48	205.85	205.85	203.16	2819964						
2270	206.01	204.47	206.4624	203.98	3670723						
2271	206.75	206.36	208.31	206.14	3320746						
2272	208.04	208.51	208.75	206.0414	3836861						
2273	206.21	208.43	208.72	206.03	5994485						
2276	206.85	206.39	207.59	205.96	3164398						
2277	208.07	207.41	208.48	206.8001	3727362						
2278	208.51	208.28	210.0	208.21	3937817						
2279	212.02	208.97	212.54	208.81	4182800						
2280	213.17	213.0	213.33	211.32	7472388						
2283	214.62	214.25	215.21	213.21	3467241						
2284	214.54	214.38	215.59	213.4	3054355						
2285	215.16	215.0	215.25	212.66	2489136						
2286	215.16	215.0	215.25	212.66	2489136						
2287	215.25	215.13	215.77	213.9	3324183						
2290	215.13	214.0	215.8	213.91	2978431						
2291	214.75	213.02	214.92	212.97	2687024						
2292	214.03	215.21	216.58	213.77	3704992						
2293	213.17	214.31	214.5499	212.98	3119597						
2294	214.1	213.2	214.19	212.51	2360685						
2297	213.54	214.44	214.44	212.82	2715629						
2298	212.88	214.29	215.04	212.78	2709343						
2299	207.45	212.52	212.96	207.41	4325198						
2300	207.98	207.52	209.0942	207.12	3612161						
2301	205.97	208.11	208.25	205.65	3513524						
2304	204.84	205.34	206.16	204.36	3086088						
2305	206.46	205.51	206.63	204.92	3086415						
2306	207.97	205.74	208.01	205.63	3105425						
2307	207.9	208.37	208.37	206.53	3022205						
2308	209.9	207.82	210.03	206.75	3654607						
2311	208.61	210.0	210.0	208.42	2834084						
2312	207.81	207.89	208.36	206.86	1977839						
2313	205.43	207.8	209.5	205.3	4634512						
2314	201.71	205.63	206.98	201.49	4829521						
2315	202.67	201.79	204.43	199.42	5696980						
2318	197.73	199.9	201.1	197.16	7621861						
2319	200.55	199.61	200.93	197.9	5500809						
2320	198.21	198.56	199.2957	195.4	5326559						
2321	200.52	199.93	200.87	198.12	4143445						
2322	199.05	200.19	200.55	197.67	4334639						
2325	197.2	197.61	199.47	196.91	3194483						
2326	198.78	197.46	201.0	196.5	3914758						
2327	195.81	195.78	197.25	195.61	5839062						
2328	198.31	197.08	199.0411	196.38	4644724						
2329	199.72	200.5	200.88	198.55	4796046						
2332	200.94	202.72	203.1	200.38	4216714						
2333	198.15	200.27	200.285	198.02	4043522						
2334	199.24	199.01	199.77	198.7101	3532077						
2335	201.01	199.8	201.8697	199.8	3214384						
2336	197.16	200.19	200.92	195.96	5948735						
2339	200.2	198.7	200.2	197.44	3094943						
2340	198.35	200.76	201.3	198.04	3069044						
2341	200.45	198.02	200.57	197.53	3405503						
2342	203.2	201.71	203.8	201.66	3328295						
2343	203.41	204.02	204.3509	202.73	3632301						
2346	203.41	204.02	204.3509	202.73	3632301						
2347	200.9	201.19	201.83	200.19	3637136						
2348	202.19	202.73	202.94	201.3	3209056						
2349	204.24	204.13	206.22	203.77	3969863						
2350	204.73	204.44	205.15	203.8617	3409358						
2353	206.62	205.51	207.8	205.2	4565146						
2354	208.31	207.31	208.31	206.13	3878591						
2355	210.91	208.27	210.93	207.525	4439914						
2356	211.37	211.0	212.68	210.72	4599340						
2357	213.61	212.24	214.58	212.22	4244903						
2360	210.33	212.06	212.1	209.94	3472741						
2361	210.15	210.35	211.16	208.68	3863004						
2362	210.9	209.89	211.32	209.12	2734580						
2363	209.22	210.78	211.44	208.9	2736437						
2364	208.12	210.37	210.37	207.27	10704251						
2367	207.96	207.02	208.53	206.4	3076510						
2368	206.4	208.17	208.89	205.74	3710573						
2369	208.11	206.5	209.44	206.23	3291982						
2370	206.9	208.19	208.19	206.35	2823123						
2371	207.45	207.73	208.64	206.54	2843689						
2374	208.02	207.77	208.7	207.534	3167632						
2375	206.71	208.94	209.66	206.44	3512543						
2376	203.1	206.09	206.09	202.38	5939951						
2377	204.98	202.65	205.09	201.33	4308064						
2378	208.08	205.09	208.28	205.05	3572235						
2381	207.24	207.36	209.6	206.19	2720630						
2382	204.09	205.62	206.14	203.93	4187853						
2383	206.69	204.94	207.23	204.73	3210433						
2384	206.86	206.37	208.19	206.08	2979733						
2385	208.08	208.97	210.08	207.73	4408767						
2388	207.91	208.01	208.07	206.93	1903109						
2389	209.38	207.73	210.15	207.57	3055578						
2390	209.29	208.37	209.97	208.37	3233940						
2391	208.62	209.26	209.98	208.51	3576676						
2392	208.76	208.45	209.62	208.2	3581579						
2395	211.49	210.0	211.54	209.76	3337638						
2396	210.62	211.03	211.97	210.47	2720621						
2397	210.96	210.5	211.01	209.54	2415596						
2398	210.26	211.16	211.32	209.72	3147560						
2399	211.8	209.87	212.33	209.75	2539457						
2402	212.86	212.31	213.34	212.14	3521940						
2403	213.01	212.38	213.17	211.61	2630512						
2404	213.25	212.99	213.43	211.67	3298217						
2405	212.58	213.01	213.71	211.54	4305999						
2406	215.83	213.55	216.63	213.4	4778977						
2409	217.98	217.77	218.62	216.9827	4157127						
2410	220.88	218.69	221.68	218.43	5321850						
2411	222.0	221.09	222.03	220.11	3664010						
2412	222.74	222.81	223.37	221.67	4396330						
2413	221.31	222.75	223.0	219.89	3347189						
2416	220.85	220.2	221.0913	219.87	2380511						
2417	220.89	220.98	222.19	220.54	2657678						
2418	219.77	219.72	220.27	218.61	3190818						
2419	219.36	219.77	219.87	217.91	2831807						
2420	219.74	220.18	220.43	218.74	3477460						
2423	219.35	219.95	220.05	218.388	3894984						
2424	219.03	219.93	220.0	218.7827	3378196						
2425	217.48	218.01	218.37	216.01	4966467						
2426	216.63	217.3	217.705	216.3	3707678						
2427	217.96	216.96	217.99	216.8	2393303						
2430	219.06	218.74	219.39	218.26	3650331						
2431	218.9	219.11	219.2	217.72	3718712						
2432	220.5	219.25	220.59	218.48	3947243						
2433	220.5	219.25	220.59	218.48	3947243						
2434	220.3	220.5	220.58	219.825	2256461						
2437	220.33	220.6	221.38	220.1101	3888736						
2438	218.08	218.82	218.9	216.3952	4501807						
2439	218.4	217.95	218.8828	217.54	2667728						
2440	219.6	218.99	219.75	218.05	2319936						
2441	222.61	221.64	223.0	221.33	3447861						
2444	221.38	222.71	223.3	221.19	2616647						
2445	221.26	222.07	222.07	220.21	2690874						
2446	222.57	221.21	222.65	221.01	3547432						
2447	225.92	222.88	226.52	222.53	5124306						
2448	225.37	225.92	226.5	223.96	3160709						
2451	226.85	226.77	227.81	226.29	4280417						
2452	227.05	227.27	228.23	226.55	4867651						
2453	225.01	227.06	227.2	224.89	5963388						
2454	225.21	224.66	225.66	224.16	4967692						
2455	226.31	226.24	227.8	225.56	11574294						
2458	225.48	226.61	226.67	224.93	3504201						
2459	225.47	225.24	225.65	224.88	961133						
2460	225.47	225.24	225.65	224.88	961133						
2461	226.45	225.92	226.51	225.64	1725982						
2462	226.14	226.86	226.97	225.57	2769665						
2465	225.76	226.14	226.6	224.67	2769821						
2466	226.5	226.16	226.72	225.14	3145359						
2467	226.5	226.16	226.72	225.14	3145359						
2468	228.39	227.51	228.39	226.71	3767253						
2469	226.18	225.69	227.43	225.48	3024008						
2472	226.99	224.99	227.13	224.7	4263359						
2473	225.92	227.26	227.26	225.44	3530280						
2474	225.99	226.03	227.84	225.87	3782033						
2475	228.65	226.92	228.85	226.92	3497724						
2476	226.62	228.5	228.5308	226.59	2573152						
2479	228.45	227.05	228.47	226.1251	3287976						
2480	227.17	227.85	228.3899	226.88	3356233						
2481	228.35	226.8	228.64	226.78	2664870						
2482	229.73	229.34	230.03	228.52	3037238						
2483	230.2	230.13	231.61	229.55	6603956						
2486	230.2	230.13	231.61	229.55	6603956						
2487	228.63	229.85	231.13	227.95	5842158						
2488	229.54	229.0	230.38	228.41	3164373						
2489	229.38	229.43	229.77	227.3492	4750042						
2490	226.86	229.4	229.41	226.04	4024035						
2493	222.45	223.7	223.9	221.11	5455063						
2494	224.03	223.44	225.35	223.16	3613154						
2495	224.5	224.75	226.4	224.31	2311394						
2496	227.88	223.11	228.08	222.48	3355343						
2497	224.43	226.49	226.97	223.43	3948507						
2500	223.47	225.48	226.32	223.0	3525322						
2501	225.08	226.15	226.94	224.79	3643707						
2502	228.65	226.91	228.68	226.75	3364133						
2503	229.61	229.56	230.08	228.53	2801166						
2504	227.38	228.07	228.62	226.67	2886854						
2507	227.11	227.17	227.7503	225.13	2945177						
2508	227.33	228.59	228.59	227.02	2918511						
2509	227.44	227.6	228.84	226.91	3786174						
2510	226.47	226.53	227.4	226.1	2838906						
2511	226.8	226.49	227.14	225.52	2506699						
2514	226.8	226.49	227.14	225.52	2506699						
2515	226.77	226.39	227.38	225.27	3153466						
2516	229.24	227.68	229.71	226.93	3189102						
2517	228.17	229.76	229.79	227.15	3549133						
2518	229.33	227.53	230.07	226.98	4702108						
2521	221.69	221.31	223.94	220.27	7933733						
2522	218.05	222.2	223.24	216.76	8560131						
2523	216.06	219.65	220.63	215.94	6907568						
2524	207.67	212.9	214.38	207.28	10945542						
2525	206.34	201.92	206.44	199.68	15149589						
2528	217.63	207.25	218.8	204.4339	10408117						
2529	208.81	217.39	218.15	206.2	10717122						
2530	217.86	212.14	218.34	209.26	7409199						
2531	208.96	212.55	212.75	207.01	8114450						
2532	205.98	203.48	207.41	202.35	9443910						
2535	193.13	195.0	198.479	192.26	13986192						
2536	202.73	201.35	202.86	195.0517	10931656						
2537	194.64	197.32	198.13	192.87	9586080						
2538	175.97	183.6	187.6699	175.0	22303501						
2539	196.4	187.45	196.5	178.41	14867020						
2542	177.77	174.0	188.38	173.62	14171802						
2543	187.6	181.88	187.81	177.0	15081851						
2544	172.44	177.29	181.39	167.0	16682838						
2545	174.68	170.21	176.18	166.0	12492309						
2546	170.06	176.3	177.18	167.2945	15218821						
2549	162.13	165.3	166.69	159.5	16512831						
2550	178.2	170.91	179.14	169.53	14093996						
2551	180.47	180.01	189.07	175.17	13856492						
2552	183.9	181.29	184.96	179.59	14145128						
2553	179.66	178.5	184.24	176.72	10264577						
2556	183.18	180.04	184.11	178.0	7674376						
2557	182.83	182.05	186.17	180.57	8999502						
2558	175.95	176.18	178.67	174.19	8684977						
2559	179.73	175.0	180.31	174.225	7276305						
2560	178.34	178.59	180.22	175.44	6645402						
2563	185.24	184.61	186.41	180.49	9943688						
2564	185.25	191.99	192.0	184.9	8151274						
2565	191.01	187.55	191.42	185.14	6112986						
2566	193.84	194.0	197.23	191.45	10525209						
2567	193.84	194.0	197.23	191.45	10525209						
2570	188.77	193.85	193.85	186.08	7897317						
2571	192.94	193.32	194.16	190.82	7033292						
2572	188.57	188.56	189.59	187.47	6143064						
2573	187.96	188.9	188.99	185.8	6257017						
2574	191.2	192.89	192.9	189.02	8275774						
2577	188.75	188.72	189.35	187.3	6475978						
2578	183.48	184.17	185.78	183.28	5886829						
2579	186.58	186.46	187.37	185.34	5473376						
2580	185.63	186.99	187.35	184.5	6214098						
2581	186.52	187.08	187.28	184.42	5206780						
2584	187.46	187.78	189.37	186.35	6625074						
2585	187.12	190.54	191.0	187.0	6679292						
2586	189.61	190.64	192.68	188.93	7654591						
2587	187.36	188.3	189.87	186.71	8224394						
2588	182.67	185.21	185.89	181.64	7516538						
2591	177.95	179.78	180.36	176.3401	9455779						
2592	176.03	180.045	180.23	175.93	9019874						
2593	172.38	176.94	177.04	172.34	9016047						
2594	173.48	173.4	175.38	173.05	6702275						
2595	176.83	176.71	177.26	174.28	5798965						
2598	174.64	175.23	175.96	173.61	9239404						
2599	172.81	175.2	175.7149	172.73	6483703						
2600	170.57	172.0	172.61	169.44	10262672						
2601	170.93	168.8	171.4	167.0401	7016473						
2602	169.25	169.82	170.66	168.52	5941213						
2605	175.46	174.0	176.87	172.3091	7463845						
2606	172.49	174.12	174.87	172.34	5580754						
2607	176.02	174.61	176.87	174.29	5459007						
2608	174.94	175.74	176.65	174.47	4062440						
2609	174.93	174.86	175.12	173.21	3589844						
2612	174.93	174.86	175.12	173.21	3589844						
2613	180.34	179.99	181.69	178.68	7110034						
2614	185.77	184.665	185.98	183.8	7416421						
2615	185.1	187.24	187.28	183.92	6315543						
2616	185.58	183.08	185.87	182.53	10631071						
2619	183.84	185.53	185.71	183.185	5722581						
2620	185.94	183.99	186.44	183.99	5806026						
2621	190.82	188.75	191.62	187.81	6710121						
2622	192.05	190.41	192.11	189.69	5818236						
2623	200.66	197.88	201.49	196.22	10400938						
2626	201.56	202.34	203.33	199.56	6706518						
2627	196.07	197.15	198.79	195.83	7735857						
2628	191.51	195.85	196.34	191.37	7351508						
2629	178.02	185.0	186.9296	177.93	15387904						
2630	181.21	184.02	184.02	178.22	9479915						
2633	181.55	177.0	181.7699	176.05	8111656						
2634	182.3	186.55	186.7	179.75	9414597						
2635	180.86	183.03	183.15	180.11	6458205						
2636	180.73	179.9	181.36	179.04	4924460						
2637	179.72	183.5	183.88	179.01	8765108						
2640	180.17	179.55	181.8	178.87	5822331						
2641	181.01	181.87	182.39	180.4	6382428						
2642	177.53	179.61	179.65	177.26	8086306						
2643	178.85	176.58	179.7195	176.06	6385076						
2644	175.37	176.71	178.7	174.63	14776382						
2647	177.19	175.9	177.22	175.33	5222730						
2648	178.51	176.75	179.12	176.51	6766502						
2649	177.99	178.41	180.45	177.34	4623976						
2650	178.83	180.45	180.94	178.24	5165918						
2651	178.83	180.45	180.94	178.24	5165918						
2654	182.72	183.1	183.52	181.59	6449353						
2655	181.15	182.02	182.49	180.6	4956616						
2656	181.2	180.42	182.3119	179.77	5557679						
2657	178.8	181.79	181.88	177.77	5424922						
2658	182.9	178.26	182.96	178.09	5487025						
2661	184.13	183.81	185.82	183.31	7888833						
2662	189.71	182.42	190.08	182.42	14687111						
2663	190.56	192.64	193.05	188.75	7558957						
2664	191.01	188.32	191.93	188.32	4773368						
2665	190.76	191.77	192.12	190.4686	5187529						
2668	190.48	190.02	191.23	189.48	4092175						
2669	192.27	190.4	193.45	190.4	5257941						
2670	192.1	191.78	192.24	190.63	4184472						
2671	193.25	191.71	193.39	191.48	6039644						
2672	194.52	193.25	196.28	193.05	5143693						
2675	192.14	193.83	193.99	191.77	4312003						
2676	194.12	190.9	194.46	190.61	4412796						
2677	196.41	194.03	196.67	193.73	4069954						
2678	194.3	193.43	194.57	192.25	4834570						
2679	195.78	195.06	196.0	193.33	5943185						
2682	199.26	197.28	200.68	196.0	6253519						
2683	200.24	198.97	200.31	198.11	3839089						
2684	203.62	201.44	204.69	201.0	5269199						
2685	205.02	203.0	205.39	202.7	3387477						
2686	209.48	204.2	209.75	204.0	6191783						
2689	212.58	211.34	212.92	209.4	6635745						
2690	212.66	214.74	215.6	212.24	5689794						
2691	213.24	213.1	214.39	212.31	4792657						
2692	211.98	212.93	213.33	211.66	4537189						
2693	210.96	211.04	211.97	210.25	3444703						
2696	206.78	210.05	210.82	206.34	5486419						
2697	208.33	206.95	209.76	206.8	3501913						
2698	207.21	209.19	210.21	206.66	5831268						
2699	206.12	205.17	206.79	204.51	4134384						
2700	207.43	205.52	208.4	205.52	4786825						
2703	212.61	209.23	213.3	208.91	5040022						
2704	213.35	213.56	214.0	212.85	3676863						
2705	214.66	212.98	215.83	212.3	4640785						
2706	216.87	214.99	217.98	214.76	4814583						
2707	218.55	217.51	218.81	215.7297	4291213						
2710	218.04	218.62	219.45	217.65	6134606						
2711	218.55	216.92	218.59	216.62	4134939						
2712	221.68	218.13	222.09	218.13	5495005						
2713	218.15	222.0	223.2399	216.43	7095354						
2714	218.32	219.95	221.48	215.06	6042649						
2717	218.32	219.95	221.48	215.06	6042649						
2718	217.8	217.28	219.19	215.3393	7001501						
2719	219.63	218.95	221.62	218.52	5418297						
2720	217.8	220.54	220.68	217.15	3838665						
2721	217.93	218.0	219.265	216.92	3437465						
2724	219.94	219.0	221.32	218.3	4070857						
2725	218.94	220.08	221.57	218.45	3864321						
2726	219.59	220.28	222.26	219.19	5663404						
2727	218.05	218.46	218.68	216.5	6942515						
2728	218.21	219.08	221.01	217.83	11864010						
2731	213.02	214.0	215.45	208.73	8342537						
2732	214.16	212.54	214.75	211.7	5291711						
2733	209.61	213.94	214.88	209.38	4424597						
2734	208.72	209.14	210.23	206.58	3963496						
2735	210.45	207.0	211.11	206.82	3563345						
2738	213.54	213.22	215.47	212.0206	5043931						
2739	210.44	213.59	213.59	210.24	4037925						
2740	212.94	211.11	213.7	210.7522	5822458						
2741	212.02	214.3	214.385	210.62	4758944						
2742	211.18	209.84	213.68	209.53	4421401						
2745	212.36	213.09	213.9	212.05	3649194						
2746	210.26	212.65	213.48	209.65	5315644						
2747	213.29	212.33	214.67	211.36	3759814						
2748	215.15	214.39	215.69	213.44	3612138						
2749	215.68	215.88	216.2924	214.16	3091717						
2752	216.41	216.74	217.43	215.12	3903098						
2753	212.31	215.76	216.38	212.0	4850195						
2754	210.91	212.02	212.35	210.54	5026903						
2755	211.65	209.27	211.99	208.22	3063809						
2756	211.91	211.84	213.8253	211.81	3630992						
2759	208.99	212.16	212.32	208.2	3413786						
2760	210.06	209.63	211.45	209.41	3888817						
2761	210.18	208.97	211.38	208.6103	3196330						
2762	211.61	209.63	211.78	209.23	2949963						
2763	212.71	212.43	213.87	211.73	2831432						
2766	208.49	209.64	210.26	207.0	4717982						
2767	206.88	208.0	208.48	206.58	3039192						
2768	200.7	202.68	203.88	199.79	7538290						
2769	201.51	200.03	202.955	197.81	5227943						
2770	201.9	200.51	202.271	198.7	5755622						
2773	204.31	204.84	206.18	203.06	5940592						
2774	206.63	206.93	209.8007	206.36	5472813						
2775	206.17	206.59	210.15	204.78	5978686						
2776	207.45	208.69	210.86	206.97	5940982						
2777	208.85	208.45	210.26	207.5875	4324663						
2780	221.5	221.97	225.23	218.01	11343436						
2781	228.48	221.82	228.61	220.94	7059371						
2782	227.37	228.5	228.98	225.4701	4789221						
2783	224.72	225.01	225.88	223.18	5111764						
2784	227.42	226.5	228.145	225.29	4790845						
2787	233.1	230.58	233.46	229.86	5768612						
2788	233.16	231.93	234.97	230.01	5040020						
2789	230.07	233.57	234.476	230.0	4741785						
2790	229.53	229.67	229.97	227.6154	4623632						
2791	227.01	228.78	229.72	226.771	4028442						
2794	229.54	229.77	230.5	228.0442	3632543						
2795	233.92	232.45	234.99	231.24	4714771						
2796	233.13	233.92	234.0	232.0104	3249877						
2797	233.13	233.92	234.0	232.0104	3249877						
2798	231.55	233.1	234.17	230.45	1935806						
2801	228.91	231.19	231.29	228.165	5989549						
2802	229.68	230.23	231.98	229.34	4442626						
2803	230.42	229.8	230.59	228.31	4681526						
2804	231.02	230.0	231.5	228.87	4699041						
2805	231.35	230.24	231.89	230.24	4753002						
2808	229.24	231.26	231.26	228.1	4743430						
2809	228.19	227.46	228.735	226.61	4590686						
2810	227.51	228.57	228.9	226.635	4874314						
2811	227.35	226.45	227.87	225.728	4567434						
2812	226.39	225.2	226.73	224.595	4028353						
2815	222.85	227.68	228.06	222.36	6545455						
2816	224.38	224.83	225.86	222.73	5169074						
2817	221.91	225.48	225.48	221.82	7994869						
2818	224.68	222.51	225.02	221.6673	7390467						
2819	223.43	224.79	225.2	221.68	20672799						
2822	223.49	222.02	224.2	221.26	7376589						
2823	221.88	223.58	223.75	221.76	6165628						
2824	224.24	222.63	224.91	222.61	4984149						
2825	226.53	224.6	227.125	224.21	2386994						
2826	226.53	224.6	227.125	224.21	2386994						
2829	228.41	228.09	230.15	227.36	3507318						
2830	229.57	230.5	231.1	229.1	3800358						
2831	229.65	229.54	230.585	229.08	3257957						
2832	231.87	229.28	232.28	228.89	4228870						
2833	231.87	229.28	232.28	228.89	4228870						
2836	228.45	231.73	231.87	226.85	7405706						
2837	227.47	228.21	230.1	226.847	5531573						
2838	230.27	229.49	232.68	227.55	9012829						
2839	232.88	232.78	233.9643	231.33	4693848						
2840	234.03	233.54	234.6	231.72	4850601						
2843	233.43	231.22	233.92	231.02	3882330						
2844	233.03	233.31	233.98	231.7	5618722						
2845	234.51	232.0	234.95	231.71	3828413						
2846	235.02	234.79	235.7	233.8372	4530181						
2847	233.49	234.1	234.59	231.91	5226415						
2850	233.49	234.1	234.59	231.91	5226415						
2851	234.55	234.64	236.24	231.7	5503127						
2852	234.76	234.0	235.2	233.24	4876514						
2853	234.16	235.22	236.2	234.08	4319793						
2854	232.92	232.5	233.83	232.21	4465090						
2857	233.01	231.67	233.52	230.45	5098897						
2858	231.57	233.0	233.5	231.33	3945915						
2859	227.36	230.0	230.0	226.1	8230374						
2860	230.95	229.76	233.51	228.16	5943918						
2861	227.87	229.45	229.97	227.21	6388092						
2864	229.32	229.9699	230.5	228.04	4068409						
2865	232.24	231.21	233.43	230.665	5302328						
2866	232.68	232.4	233.16	231.28	3807540						
2867	235.77	232.84	235.905	232.41	4452386						
2868	235.16	236.98	236.98	234.83	3812966						
2871	237.42	236.0	237.56	235.35	3329703						
2872	239.91	237.07	240.78	235.66	4774458						
2873	239.92	241.43	241.52	239.04	3825592						
2874	239.76	239.36	240.44	238.88	2909640						
2875	242.46	238.07	242.76	238.03	3422107						
2878	242.46	238.07	242.76	238.03	3422107						
2879	245.28	244.14	247.26	242.82	4726101						
2880	245.25	244.14	246.19	244.0	4323241						
2881	243.5	244.73	245.49	241.67	4049896						
2882	241.85	244.2	244.95	241.36	4254656						
2885	244.97	240.89	245.9801	240.8	4013145						
2886	245.53	245.56	246.57	243.29	5455367						
2887	248.45	245.15	249.55	245.15	5106898						
2888	243.69	248.07	250.56	242.927	6459817						
2889	240.51	245.15	245.15	240.25	8087759						
2892	249.21	246.86	250.55	246.09	6334166						
2893	249.22	249.12	251.34	248.37	4686124						
2894	251.55	249.73	254.81	249.29	6093204						
2895	245.48	251.08	252.55	243.23	7843543						
2896	253.15	248.89	253.45	247.325	6401890						
2899	257.61	255.6	260.23	253.73	7135779						
2900	259.02	258.55	262.94	255.61	8276597						
2901	263.99	260.3	267.5	259.64	8945700						
2902	260.91	264.22	264.8	260.4199	5921549						
2903	260.02	262.4	264.65	259.67	4498086						
2906	254.61	260.31	260.44	253.52	6979049						
2907	251.5	254.53	254.53	249.82	6720786						
2908	252.0	252.02	254.28	250.6601	6775745						
2909	252.46	253.76	255.64	251.38	5558018						
2910	250.99	252.31	252.5	248.52	16649846						
2913	250.36	250.6	251.67	248.86	5370835						
2914	248.31	250.2	251.17	247.71	4624233						
2915	249.63	249.55	251.89	248.5	4167843						
2916	250.75	249.38	251.53	246.79	5505215						
2917	256.77	252.75	257.39	252.42	5801970						
2920	258.82	253.93	260.05	253.3	6643130						
2921	258.19	259.94	261.0	257.24	3879346						
2922	255.47	256.86	257.68	255.17	6580741						
2923	258.2	255.74	258.47	254.8	5573842						
2924	258.2	255.74	258.47	254.8	5573842						
2927	262.66	260.02	263.35	260.0	5050565						
2928	263.06	262.86	263.34	261.94	3069093						
2929	263.62	262.99	264.34	262.4003	3585586						
2930	263.51	262.72	263.93	261.911	3113946						
2931	266.01	264.22	266.24	263.35	6054022						
2934	267.93	266.53	268.34	266.53	4294469						
2935	267.1	267.42	268.2	266.05	3558493						
2936	267.53	267.31	268.44	267.15	3124048						
2937	269.14	268.06	269.28	266.3943	3921101						
2938	272.11	270.47	272.97	270.11	4710925						
2941	270.28	272.3	272.92	268.8475	4235932						
2942	267.89	268.53	269.31	266.801	3741695						
2943	272.21	267.8	272.46	267.75	3897511						
2944	269.51	272.04	272.08	268.78	3734218						
2945	271.98	269.86	272.6906	269.56	3684487						
2948	270.86	272.28	273.98	270.63	3577632						
2949	273.65	271.07	274.16	270.05	3176319						
2950	272.95	273.54	273.96	272.13	3176106						
2951	277.6	274.47	277.79	274.35	4543724						
2952	274.95	276.29	277.41	274.21	5213541						
2955	279.18	278.55	281.12	277.67	5185658						
2956	280.26	278.54	280.8	276.78	4467147						
2957	282.76	282.52	284.24	282.12	4348076						
2958	289.71	284.69	290.0	284.05	5965549						
2959	290.93	289.97	291.07	287.77	6101832						
2962	292.33	292.345	295.083	292.07	4542731						
2963	285.63	289.84	290.51	284.29	6814899						
2964	282.91	285.46	286.12	282.55	5313010						
2965	286.9	282.91	288.37	282.85	5246624						
2966	290.68	288.67	291.375	288.67	4263393						
2969	289.22	289.99	290.47	288.07	3885487						
2970	287.59	290.2	290.31	287.24	4361282						
2971	286.22	284.11	286.56	282.57	5272133						
2972	286.73	288.41	289.135	285.9	4143635						
2973	287.74	287.12	289.35	286.75	4232598						
2976	289.73	289.11	290.41	287.91	3947879						
2977	287.2	290.19	291.6	287.11	4754083						
2978	287.33	289.64	289.64	285.75	4756875						
2979	289.3	288.57	289.99	286.57	6610596						
2980	289.44	289.68	290.46	288.23	4522664						
2983	289.44	289.68	290.46	288.23	4522664						
2984	289.84	291.52	292.07	288.81	3335983						
2985	290.02	290.85	290.9	289.22	3517430						
2986	291.97	288.36	293.272	288.28	4099941						
2987	292.52	292.91	293.08	291.45	3273412						
2990	289.46	292.56	292.58	288.84	4442470						
2991	289.19	289.18	289.9	285.7	5036621						
2992	288.58	288.88	289.09	287.05	3502842						
2993	284.91	289.88	290.81	284.68	4044608						
2994	286.82	285.45	287.36	285.02	3524361						
2997	283.53	286.66	286.85	281.5156	6102270						
2998	283.94	284.46	284.965	282.65	3760903						
2999	283.11	283.73	284.8	281.08	5629240						
3000	278.69	284.29	284.5	277.56	7136848						
3001	274.04	276.5	276.98	272.455	12567921						
3004	277.1	275.62	278.845	275.4279	5486192						
3005	276.92	277.57	277.71	275.93	5225694						
3006	274.66	276.89	277.0	274.55	4539789						
3007	275.49	275.0	276.5765	274.05	5458502						
3008	278.38	276.37	279.31	275.35	5578532						
3011	276.61	278.82	279.06	275.6	4026852						
3012	276.21	276.69	277.975	275.245	4472125						
3013	277.92	275.89	278.44	275.66	4477624						
3014	280.17	278.2	280.3	277.55	3648864						
3015	279.12	281.41	281.41	278.57	3683408						
3018	279.12	281.41	281.41	278.57	3683408						
3019	277.32	278.28	278.28	275.095	4402866						
3020	277.32	278.28	278.28	275.095	1401						
